function m=prizJoint(X)
m=[1 0 0 0
   0 1 0 0
   0 0 1 X
   0 0 0 1]; 