\newpage
World transforms of the robot at positions calculated for coordinate interpolated motion.
\begin{verbatim}
POSITION 1: INPUT: JOINT VARIABLES (  81.469, 197.254,)
OUTPUT:     0.152     0.988     0.000     6.000
           -0.988     0.152     0.000     0.010
            0.000     0.000     1.000     0.000
            0.000     0.000     0.000     1.000
\end{verbatim} \pagebreak[1]\begin{verbatim}
POSITION 2: INPUT: JOINT VARIABLES (  81.469, 197.252,)
OUTPUT:     0.152     0.988     0.000     5.999
           -0.988     0.152     0.000     0.010
            0.000     0.000     1.000     0.000
            0.000     0.000     0.000     1.000
\end{verbatim} \pagebreak[1]\begin{verbatim}
POSITION 3: INPUT: JOINT VARIABLES (  81.471, 197.248,)
OUTPUT:     0.152     0.988     0.000     5.998
           -0.988     0.152     0.000     0.010
            0.000     0.000     1.000     0.000
            0.000     0.000     0.000     1.000
\end{verbatim} \pagebreak[1]\begin{verbatim}
POSITION 4: INPUT: JOINT VARIABLES (  81.474, 197.242,)
OUTPUT:     0.152     0.988     0.000     5.996
           -0.988     0.152     0.000     0.010
            0.000     0.000     1.000     0.000
            0.000     0.000     0.000     1.000
\end{verbatim} \pagebreak[1]\begin{verbatim}
POSITION 5: INPUT: JOINT VARIABLES (  81.477, 197.236,)
OUTPUT:     0.151     0.988     0.000     5.994
           -0.988     0.151     0.000     0.010
            0.000     0.000     1.000     0.000
            0.000     0.000     0.000     1.000
\end{verbatim} \pagebreak[1]\begin{verbatim}
POSITION 6: INPUT: JOINT VARIABLES (  81.480, 197.231,)
OUTPUT:     0.151     0.988     0.000     5.992
           -0.988     0.151     0.000     0.010
            0.000     0.000     1.000     0.000
            0.000     0.000     0.000     1.000
\end{verbatim} \pagebreak[1]\begin{verbatim}
POSITION 7: INPUT: JOINT VARIABLES (  81.483, 197.225,)
OUTPUT:     0.151     0.988     0.000     5.990
           -0.988     0.151     0.000     0.010
            0.000     0.000     1.000     0.000
            0.000     0.000     0.000     1.000
\end{verbatim} \pagebreak[1]\begin{verbatim}
POSITION 8: INPUT: JOINT VARIABLES (  81.486, 197.219,)
OUTPUT:     0.151     0.988     0.000     5.988
           -0.988     0.151     0.000     0.010
            0.000     0.000     1.000     0.000
            0.000     0.000     0.000     1.000
\end{verbatim} \pagebreak[1]\begin{verbatim}
POSITION 9: INPUT: JOINT VARIABLES (  81.489, 197.213,)
OUTPUT:     0.151     0.988     0.000     5.986
           -0.988     0.151     0.000     0.010
            0.000     0.000     1.000     0.000
            0.000     0.000     0.000     1.000
\end{verbatim} \pagebreak[1]\begin{verbatim}
POSITION 10: INPUT: JOINT VARIABLES (  81.492, 197.207,)
OUTPUT:     0.151     0.988     0.000     5.984
           -0.988     0.151     0.000     0.010
            0.000     0.000     1.000     0.000
            0.000     0.000     0.000     1.000
\end{verbatim} \pagebreak[1]\begin{verbatim}
POSITION 11: INPUT: JOINT VARIABLES (  81.495, 197.202,)
OUTPUT:     0.151     0.989     0.000     5.982
           -0.989     0.151     0.000     0.010
            0.000     0.000     1.000     0.000
            0.000     0.000     0.000     1.000
\end{verbatim} \pagebreak[1]\begin{verbatim}
POSITION 12: INPUT: JOINT VARIABLES (  81.498, 197.196,)
OUTPUT:     0.151     0.989     0.000     5.980
           -0.989     0.151     0.000     0.010
            0.000     0.000     1.000     0.000
            0.000     0.000     0.000     1.000
\end{verbatim} \pagebreak[1]\begin{verbatim}
POSITION 13: INPUT: JOINT VARIABLES (  81.501, 197.190,)
OUTPUT:     0.151     0.989     0.000     5.978
           -0.989     0.151     0.000     0.010
            0.000     0.000     1.000     0.000
            0.000     0.000     0.000     1.000
\end{verbatim} \pagebreak[1]\begin{verbatim}
POSITION 14: INPUT: JOINT VARIABLES (  81.504, 197.184,)
OUTPUT:     0.151     0.989     0.000     5.976
           -0.989     0.151     0.000     0.010
            0.000     0.000     1.000     0.000
            0.000     0.000     0.000     1.000
\end{verbatim} \pagebreak[1]\begin{verbatim}
POSITION 15: INPUT: JOINT VARIABLES (  81.507, 197.179,)
OUTPUT:     0.151     0.989     0.000     5.974
           -0.989     0.151     0.000     0.010
            0.000     0.000     1.000     0.000
            0.000     0.000     0.000     1.000
\end{verbatim} \pagebreak[1]\begin{verbatim}
POSITION 16: INPUT: JOINT VARIABLES (  81.510, 197.173,)
OUTPUT:     0.151     0.989     0.000     5.972
           -0.989     0.151     0.000     0.010
            0.000     0.000     1.000     0.000
            0.000     0.000     0.000     1.000
\end{verbatim} \pagebreak[1]\begin{verbatim}
POSITION 17: INPUT: JOINT VARIABLES (  81.513, 197.167,)
OUTPUT:     0.151     0.989     0.000     5.970
           -0.989     0.151     0.000     0.010
            0.000     0.000     1.000     0.000
            0.000     0.000     0.000     1.000
\end{verbatim} \pagebreak[1]\begin{verbatim}
POSITION 18: INPUT: JOINT VARIABLES (  81.515, 197.161,)
OUTPUT:     0.151     0.989     0.000     5.968
           -0.989     0.151     0.000     0.010
            0.000     0.000     1.000     0.000
            0.000     0.000     0.000     1.000
\end{verbatim} \pagebreak[1]\begin{verbatim}
POSITION 19: INPUT: JOINT VARIABLES (  81.518, 197.155,)
OUTPUT:     0.151     0.989     0.000     5.966
           -0.989     0.151     0.000     0.010
            0.000     0.000     1.000     0.000
            0.000     0.000     0.000     1.000
\end{verbatim} \pagebreak[1]\begin{verbatim}
POSITION 20: INPUT: JOINT VARIABLES (  81.521, 197.150,)
OUTPUT:     0.151     0.989     0.000     5.964
           -0.989     0.151     0.000     0.010
            0.000     0.000     1.000     0.000
            0.000     0.000     0.000     1.000
\end{verbatim} \pagebreak[1]\begin{verbatim}
POSITION 21: INPUT: JOINT VARIABLES (  81.524, 197.144,)
OUTPUT:     0.151     0.989     0.000     5.962
           -0.989     0.151     0.000     0.010
            0.000     0.000     1.000     0.000
            0.000     0.000     0.000     1.000
\end{verbatim} \pagebreak[1]\begin{verbatim}
POSITION 22: INPUT: JOINT VARIABLES (  81.527, 197.138,)
OUTPUT:     0.151     0.989     0.000     5.960
           -0.989     0.151     0.000     0.010
            0.000     0.000     1.000     0.000
            0.000     0.000     0.000     1.000
\end{verbatim} \pagebreak[1]\begin{verbatim}
POSITION 23: INPUT: JOINT VARIABLES (  81.530, 197.132,)
OUTPUT:     0.151     0.989     0.000     5.958
           -0.989     0.151     0.000     0.010
            0.000     0.000     1.000     0.000
            0.000     0.000     0.000     1.000
\end{verbatim} \pagebreak[1]\begin{verbatim}
POSITION 24: INPUT: JOINT VARIABLES (  81.533, 197.126,)
OUTPUT:     0.151     0.989     0.000     5.956
           -0.989     0.151     0.000     0.010
            0.000     0.000     1.000     0.000
            0.000     0.000     0.000     1.000
\end{verbatim} \pagebreak[1]\begin{verbatim}
POSITION 25: INPUT: JOINT VARIABLES (  81.536, 197.121,)
OUTPUT:     0.151     0.989     0.000     5.954
           -0.989     0.151     0.000     0.010
            0.000     0.000     1.000     0.000
            0.000     0.000     0.000     1.000
\end{verbatim} \pagebreak[1]\begin{verbatim}
POSITION 26: INPUT: JOINT VARIABLES (  81.539, 197.115,)
OUTPUT:     0.150     0.989     0.000     5.952
           -0.989     0.150     0.000     0.010
            0.000     0.000     1.000     0.000
            0.000     0.000     0.000     1.000
\end{verbatim} \pagebreak[1]\begin{verbatim}
POSITION 27: INPUT: JOINT VARIABLES (  81.542, 197.109,)
OUTPUT:     0.150     0.989     0.000     5.950
           -0.989     0.150     0.000     0.010
            0.000     0.000     1.000     0.000
            0.000     0.000     0.000     1.000
\end{verbatim} \pagebreak[1]\begin{verbatim}
POSITION 28: INPUT: JOINT VARIABLES (  81.545, 197.103,)
OUTPUT:     0.150     0.989     0.000     5.948
           -0.989     0.150     0.000     0.010
            0.000     0.000     1.000     0.000
            0.000     0.000     0.000     1.000
\end{verbatim} \pagebreak[1]\begin{verbatim}
POSITION 29: INPUT: JOINT VARIABLES (  81.548, 197.097,)
OUTPUT:     0.150     0.989     0.000     5.946
           -0.989     0.150     0.000     0.010
            0.000     0.000     1.000     0.000
            0.000     0.000     0.000     1.000
\end{verbatim} \pagebreak[1]\begin{verbatim}
POSITION 30: INPUT: JOINT VARIABLES (  81.551, 197.092,)
OUTPUT:     0.150     0.989     0.000     5.944
           -0.989     0.150     0.000     0.010
            0.000     0.000     1.000     0.000
            0.000     0.000     0.000     1.000
\end{verbatim} \pagebreak[1]\begin{verbatim}
POSITION 31: INPUT: JOINT VARIABLES (  81.554, 197.086,)
OUTPUT:     0.150     0.989     0.000     5.942
           -0.989     0.150     0.000     0.010
            0.000     0.000     1.000     0.000
            0.000     0.000     0.000     1.000
\end{verbatim} \pagebreak[1]\begin{verbatim}
POSITION 32: INPUT: JOINT VARIABLES (  81.556, 197.080,)
OUTPUT:     0.150     0.989     0.000     5.940
           -0.989     0.150     0.000     0.010
            0.000     0.000     1.000     0.000
            0.000     0.000     0.000     1.000
\end{verbatim} \pagebreak[1]\begin{verbatim}
POSITION 33: INPUT: JOINT VARIABLES (  81.559, 197.074,)
OUTPUT:     0.150     0.989     0.000     5.938
           -0.989     0.150     0.000     0.010
            0.000     0.000     1.000     0.000
            0.000     0.000     0.000     1.000
\end{verbatim} \pagebreak[1]\begin{verbatim}
POSITION 34: INPUT: JOINT VARIABLES (  81.562, 197.068,)
OUTPUT:     0.150     0.989     0.000     5.936
           -0.989     0.150     0.000     0.010
            0.000     0.000     1.000     0.000
            0.000     0.000     0.000     1.000
\end{verbatim} \pagebreak[1]\begin{verbatim}
POSITION 35: INPUT: JOINT VARIABLES (  81.565, 197.063,)
OUTPUT:     0.150     0.989     0.000     5.934
           -0.989     0.150     0.000     0.010
            0.000     0.000     1.000     0.000
            0.000     0.000     0.000     1.000
\end{verbatim} \pagebreak[1]\begin{verbatim}
POSITION 36: INPUT: JOINT VARIABLES (  81.568, 197.057,)
OUTPUT:     0.150     0.989     0.000     5.932
           -0.989     0.150     0.000     0.010
            0.000     0.000     1.000     0.000
            0.000     0.000     0.000     1.000
\end{verbatim} \pagebreak[1]\begin{verbatim}
POSITION 37: INPUT: JOINT VARIABLES (  81.571, 197.051,)
OUTPUT:     0.150     0.989     0.000     5.930
           -0.989     0.150     0.000     0.010
            0.000     0.000     1.000     0.000
            0.000     0.000     0.000     1.000
\end{verbatim} \pagebreak[1]\begin{verbatim}
POSITION 38: INPUT: JOINT VARIABLES (  81.574, 197.045,)
OUTPUT:     0.150     0.989     0.000     5.928
           -0.989     0.150     0.000     0.010
            0.000     0.000     1.000     0.000
            0.000     0.000     0.000     1.000
\end{verbatim} \pagebreak[1]\begin{verbatim}
POSITION 39: INPUT: JOINT VARIABLES (  81.577, 197.039,)
OUTPUT:     0.150     0.989     0.000     5.926
           -0.989     0.150     0.000     0.010
            0.000     0.000     1.000     0.000
            0.000     0.000     0.000     1.000
\end{verbatim} \pagebreak[1]\begin{verbatim}
POSITION 40: INPUT: JOINT VARIABLES (  81.580, 197.034,)
OUTPUT:     0.150     0.989     0.000     5.924
           -0.989     0.150     0.000     0.010
            0.000     0.000     1.000     0.000
            0.000     0.000     0.000     1.000
\end{verbatim} \pagebreak[1]\begin{verbatim}
POSITION 41: INPUT: JOINT VARIABLES (  81.583, 197.028,)
OUTPUT:     0.150     0.989     0.000     5.922
           -0.989     0.150     0.000     0.010
            0.000     0.000     1.000     0.000
            0.000     0.000     0.000     1.000
\end{verbatim} \pagebreak[1]\begin{verbatim}
POSITION 42: INPUT: JOINT VARIABLES (  81.586, 197.022,)
OUTPUT:     0.150     0.989     0.000     5.920
           -0.989     0.150     0.000     0.010
            0.000     0.000     1.000     0.000
            0.000     0.000     0.000     1.000
\end{verbatim} \pagebreak[1]\begin{verbatim}
POSITION 43: INPUT: JOINT VARIABLES (  81.589, 197.016,)
OUTPUT:     0.150     0.989     0.000     5.918
           -0.989     0.150     0.000     0.010
            0.000     0.000     1.000     0.000
            0.000     0.000     0.000     1.000
\end{verbatim} \pagebreak[1]\begin{verbatim}
POSITION 44: INPUT: JOINT VARIABLES (  81.592, 197.010,)
OUTPUT:     0.150     0.989     0.000     5.916
           -0.989     0.150     0.000     0.010
            0.000     0.000     1.000     0.000
            0.000     0.000     0.000     1.000
\end{verbatim} \pagebreak[1]\begin{verbatim}
POSITION 45: INPUT: JOINT VARIABLES (  81.595, 197.005,)
OUTPUT:     0.150     0.989     0.000     5.914
           -0.989     0.150     0.000     0.010
            0.000     0.000     1.000     0.000
            0.000     0.000     0.000     1.000
\end{verbatim} \pagebreak[1]\begin{verbatim}
POSITION 46: INPUT: JOINT VARIABLES (  81.597, 196.999,)
OUTPUT:     0.149     0.989     0.000     5.912
           -0.989     0.149     0.000     0.010
            0.000     0.000     1.000     0.000
            0.000     0.000     0.000     1.000
\end{verbatim} \pagebreak[1]\begin{verbatim}
POSITION 47: INPUT: JOINT VARIABLES (  81.600, 196.993,)
OUTPUT:     0.149     0.989     0.000     5.910
           -0.989     0.149     0.000     0.010
            0.000     0.000     1.000     0.000
            0.000     0.000     0.000     1.000
\end{verbatim} \pagebreak[1]\begin{verbatim}
POSITION 48: INPUT: JOINT VARIABLES (  81.603, 196.987,)
OUTPUT:     0.149     0.989     0.000     5.908
           -0.989     0.149     0.000     0.010
            0.000     0.000     1.000     0.000
            0.000     0.000     0.000     1.000
\end{verbatim} \pagebreak[1]\begin{verbatim}
POSITION 49: INPUT: JOINT VARIABLES (  81.606, 196.981,)
OUTPUT:     0.149     0.989     0.000     5.906
           -0.989     0.149     0.000     0.010
            0.000     0.000     1.000     0.000
            0.000     0.000     0.000     1.000
\end{verbatim} \pagebreak[1]\begin{verbatim}
POSITION 50: INPUT: JOINT VARIABLES (  81.609, 196.976,)
OUTPUT:     0.149     0.989     0.000     5.904
           -0.989     0.149     0.000     0.010
            0.000     0.000     1.000     0.000
            0.000     0.000     0.000     1.000
\end{verbatim} \pagebreak[1]\begin{verbatim}
POSITION 51: INPUT: JOINT VARIABLES (  81.612, 196.970,)
OUTPUT:     0.149     0.989     0.000     5.902
           -0.989     0.149     0.000     0.010
            0.000     0.000     1.000     0.000
            0.000     0.000     0.000     1.000
\end{verbatim} \pagebreak[1]\begin{verbatim}
POSITION 52: INPUT: JOINT VARIABLES (  81.615, 196.964,)
OUTPUT:     0.149     0.989     0.000     5.900
           -0.989     0.149     0.000     0.010
            0.000     0.000     1.000     0.000
            0.000     0.000     0.000     1.000
\end{verbatim} \pagebreak[1]\begin{verbatim}
POSITION 53: INPUT: JOINT VARIABLES (  81.618, 196.958,)
OUTPUT:     0.149     0.989     0.000     5.898
           -0.989     0.149     0.000     0.010
            0.000     0.000     1.000     0.000
            0.000     0.000     0.000     1.000
\end{verbatim} \pagebreak[1]\begin{verbatim}
POSITION 54: INPUT: JOINT VARIABLES (  81.621, 196.952,)
OUTPUT:     0.149     0.989     0.000     5.896
           -0.989     0.149     0.000     0.010
            0.000     0.000     1.000     0.000
            0.000     0.000     0.000     1.000
\end{verbatim} \pagebreak[1]\begin{verbatim}
POSITION 55: INPUT: JOINT VARIABLES (  81.624, 196.947,)
OUTPUT:     0.149     0.989     0.000     5.894
           -0.989     0.149     0.000     0.010
            0.000     0.000     1.000     0.000
            0.000     0.000     0.000     1.000
\end{verbatim} \pagebreak[1]\begin{verbatim}
POSITION 56: INPUT: JOINT VARIABLES (  81.627, 196.941,)
OUTPUT:     0.149     0.989     0.000     5.892
           -0.989     0.149     0.000     0.010
            0.000     0.000     1.000     0.000
            0.000     0.000     0.000     1.000
\end{verbatim} \pagebreak[1]\begin{verbatim}
POSITION 57: INPUT: JOINT VARIABLES (  81.630, 196.935,)
OUTPUT:     0.149     0.989     0.000     5.890
           -0.989     0.149     0.000     0.010
            0.000     0.000     1.000     0.000
            0.000     0.000     0.000     1.000
\end{verbatim} \pagebreak[1]\begin{verbatim}
POSITION 58: INPUT: JOINT VARIABLES (  81.633, 196.929,)
OUTPUT:     0.149     0.989     0.000     5.888
           -0.989     0.149     0.000     0.010
            0.000     0.000     1.000     0.000
            0.000     0.000     0.000     1.000
\end{verbatim} \pagebreak[1]\begin{verbatim}
POSITION 59: INPUT: JOINT VARIABLES (  81.636, 196.923,)
OUTPUT:     0.149     0.989     0.000     5.886
           -0.989     0.149     0.000     0.010
            0.000     0.000     1.000     0.000
            0.000     0.000     0.000     1.000
\end{verbatim} \pagebreak[1]\begin{verbatim}
POSITION 60: INPUT: JOINT VARIABLES (  81.639, 196.918,)
OUTPUT:     0.149     0.989     0.000     5.884
           -0.989     0.149     0.000     0.010
            0.000     0.000     1.000     0.000
            0.000     0.000     0.000     1.000
\end{verbatim} \pagebreak[1]\begin{verbatim}
POSITION 61: INPUT: JOINT VARIABLES (  81.641, 196.912,)
OUTPUT:     0.149     0.989     0.000     5.882
           -0.989     0.149     0.000     0.010
            0.000     0.000     1.000     0.000
            0.000     0.000     0.000     1.000
\end{verbatim} \pagebreak[1]\begin{verbatim}
POSITION 62: INPUT: JOINT VARIABLES (  81.644, 196.906,)
OUTPUT:     0.149     0.989     0.000     5.880
           -0.989     0.149     0.000     0.010
            0.000     0.000     1.000     0.000
            0.000     0.000     0.000     1.000
\end{verbatim} \pagebreak[1]\begin{verbatim}
POSITION 63: INPUT: JOINT VARIABLES (  81.647, 196.900,)
OUTPUT:     0.149     0.989     0.000     5.878
           -0.989     0.149     0.000     0.010
            0.000     0.000     1.000     0.000
            0.000     0.000     0.000     1.000
\end{verbatim} \pagebreak[1]\begin{verbatim}
POSITION 64: INPUT: JOINT VARIABLES (  81.650, 196.895,)
OUTPUT:     0.149     0.989     0.000     5.876
           -0.989     0.149     0.000     0.010
            0.000     0.000     1.000     0.000
            0.000     0.000     0.000     1.000
\end{verbatim} \pagebreak[1]\begin{verbatim}
POSITION 65: INPUT: JOINT VARIABLES (  81.653, 196.889,)
OUTPUT:     0.149     0.989     0.000     5.874
           -0.989     0.149     0.000     0.010
            0.000     0.000     1.000     0.000
            0.000     0.000     0.000     1.000
\end{verbatim} \pagebreak[1]\begin{verbatim}
POSITION 66: INPUT: JOINT VARIABLES (  81.656, 196.883,)
OUTPUT:     0.148     0.989     0.000     5.872
           -0.989     0.148     0.000     0.010
            0.000     0.000     1.000     0.000
            0.000     0.000     0.000     1.000
\end{verbatim} \pagebreak[1]\begin{verbatim}
POSITION 67: INPUT: JOINT VARIABLES (  81.659, 196.877,)
OUTPUT:     0.148     0.989     0.000     5.870
           -0.989     0.148     0.000     0.010
            0.000     0.000     1.000     0.000
            0.000     0.000     0.000     1.000
\end{verbatim} \pagebreak[1]\begin{verbatim}
POSITION 68: INPUT: JOINT VARIABLES (  81.662, 196.871,)
OUTPUT:     0.148     0.989     0.000     5.868
           -0.989     0.148     0.000     0.010
            0.000     0.000     1.000     0.000
            0.000     0.000     0.000     1.000
\end{verbatim} \pagebreak[1]\begin{verbatim}
POSITION 69: INPUT: JOINT VARIABLES (  81.665, 196.866,)
OUTPUT:     0.148     0.989     0.000     5.866
           -0.989     0.148     0.000     0.010
            0.000     0.000     1.000     0.000
            0.000     0.000     0.000     1.000
\end{verbatim} \pagebreak[1]\begin{verbatim}
POSITION 70: INPUT: JOINT VARIABLES (  81.668, 196.860,)
OUTPUT:     0.148     0.989     0.000     5.864
           -0.989     0.148     0.000     0.010
            0.000     0.000     1.000     0.000
            0.000     0.000     0.000     1.000
\end{verbatim} \pagebreak[1]\begin{verbatim}
POSITION 71: INPUT: JOINT VARIABLES (  81.671, 196.854,)
OUTPUT:     0.148     0.989     0.000     5.862
           -0.989     0.148     0.000     0.010
            0.000     0.000     1.000     0.000
            0.000     0.000     0.000     1.000
\end{verbatim} \pagebreak[1]\begin{verbatim}
POSITION 72: INPUT: JOINT VARIABLES (  81.674, 196.848,)
OUTPUT:     0.148     0.989     0.000     5.860
           -0.989     0.148     0.000     0.010
            0.000     0.000     1.000     0.000
            0.000     0.000     0.000     1.000
\end{verbatim} \pagebreak[1]\begin{verbatim}
POSITION 73: INPUT: JOINT VARIABLES (  81.677, 196.842,)
OUTPUT:     0.148     0.989     0.000     5.858
           -0.989     0.148     0.000     0.010
            0.000     0.000     1.000     0.000
            0.000     0.000     0.000     1.000
\end{verbatim} \pagebreak[1]\begin{verbatim}
POSITION 74: INPUT: JOINT VARIABLES (  81.680, 196.837,)
OUTPUT:     0.148     0.989     0.000     5.856
           -0.989     0.148     0.000     0.010
            0.000     0.000     1.000     0.000
            0.000     0.000     0.000     1.000
\end{verbatim} \pagebreak[1]\begin{verbatim}
POSITION 75: INPUT: JOINT VARIABLES (  81.682, 196.831,)
OUTPUT:     0.148     0.989     0.000     5.854
           -0.989     0.148     0.000     0.010
            0.000     0.000     1.000     0.000
            0.000     0.000     0.000     1.000
\end{verbatim} \pagebreak[1]\begin{verbatim}
POSITION 76: INPUT: JOINT VARIABLES (  81.685, 196.825,)
OUTPUT:     0.148     0.989     0.000     5.852
           -0.989     0.148     0.000     0.010
            0.000     0.000     1.000     0.000
            0.000     0.000     0.000     1.000
\end{verbatim} \pagebreak[1]\begin{verbatim}
POSITION 77: INPUT: JOINT VARIABLES (  81.688, 196.819,)
OUTPUT:     0.148     0.989     0.000     5.850
           -0.989     0.148     0.000     0.010
            0.000     0.000     1.000     0.000
            0.000     0.000     0.000     1.000
\end{verbatim} \pagebreak[1]\begin{verbatim}
POSITION 78: INPUT: JOINT VARIABLES (  81.691, 196.813,)
OUTPUT:     0.148     0.989     0.000     5.848
           -0.989     0.148     0.000     0.010
            0.000     0.000     1.000     0.000
            0.000     0.000     0.000     1.000
\end{verbatim} \pagebreak[1]\begin{verbatim}
POSITION 79: INPUT: JOINT VARIABLES (  81.694, 196.808,)
OUTPUT:     0.148     0.989     0.000     5.846
           -0.989     0.148     0.000     0.010
            0.000     0.000     1.000     0.000
            0.000     0.000     0.000     1.000
\end{verbatim} \pagebreak[1]\begin{verbatim}
POSITION 80: INPUT: JOINT VARIABLES (  81.697, 196.802,)
OUTPUT:     0.148     0.989     0.000     5.844
           -0.989     0.148     0.000     0.010
            0.000     0.000     1.000     0.000
            0.000     0.000     0.000     1.000
\end{verbatim} \pagebreak[1]\begin{verbatim}
POSITION 81: INPUT: JOINT VARIABLES (  81.700, 196.796,)
OUTPUT:     0.148     0.989     0.000     5.842
           -0.989     0.148     0.000     0.010
            0.000     0.000     1.000     0.000
            0.000     0.000     0.000     1.000
\end{verbatim} \pagebreak[1]\begin{verbatim}
POSITION 82: INPUT: JOINT VARIABLES (  81.703, 196.790,)
OUTPUT:     0.148     0.989     0.000     5.840
           -0.989     0.148     0.000     0.010
            0.000     0.000     1.000     0.000
            0.000     0.000     0.000     1.000
\end{verbatim} \pagebreak[1]\begin{verbatim}
POSITION 83: INPUT: JOINT VARIABLES (  81.706, 196.784,)
OUTPUT:     0.148     0.989     0.000     5.838
           -0.989     0.148     0.000     0.010
            0.000     0.000     1.000     0.000
            0.000     0.000     0.000     1.000
\end{verbatim} \pagebreak[1]\begin{verbatim}
POSITION 84: INPUT: JOINT VARIABLES (  81.709, 196.779,)
OUTPUT:     0.148     0.989     0.000     5.836
           -0.989     0.148     0.000     0.010
            0.000     0.000     1.000     0.000
            0.000     0.000     0.000     1.000
\end{verbatim} \pagebreak[1]\begin{verbatim}
POSITION 85: INPUT: JOINT VARIABLES (  81.712, 196.773,)
OUTPUT:     0.148     0.989     0.000     5.834
           -0.989     0.148     0.000     0.010
            0.000     0.000     1.000     0.000
            0.000     0.000     0.000     1.000
\end{verbatim} \pagebreak[1]\begin{verbatim}
POSITION 86: INPUT: JOINT VARIABLES (  81.715, 196.767,)
OUTPUT:     0.147     0.989     0.000     5.832
           -0.989     0.147     0.000     0.010
            0.000     0.000     1.000     0.000
            0.000     0.000     0.000     1.000
\end{verbatim} \pagebreak[1]\begin{verbatim}
POSITION 87: INPUT: JOINT VARIABLES (  81.718, 196.761,)
OUTPUT:     0.147     0.989     0.000     5.830
           -0.989     0.147     0.000     0.010
            0.000     0.000     1.000     0.000
            0.000     0.000     0.000     1.000
\end{verbatim} \pagebreak[1]\begin{verbatim}
POSITION 88: INPUT: JOINT VARIABLES (  81.721, 196.755,)
OUTPUT:     0.147     0.989     0.000     5.828
           -0.989     0.147     0.000     0.010
            0.000     0.000     1.000     0.000
            0.000     0.000     0.000     1.000
\end{verbatim} \pagebreak[1]\begin{verbatim}
POSITION 89: INPUT: JOINT VARIABLES (  81.724, 196.750,)
OUTPUT:     0.147     0.989     0.000     5.826
           -0.989     0.147     0.000     0.010
            0.000     0.000     1.000     0.000
            0.000     0.000     0.000     1.000
\end{verbatim} \pagebreak[1]\begin{verbatim}
POSITION 90: INPUT: JOINT VARIABLES (  81.726, 196.744,)
OUTPUT:     0.147     0.989     0.000     5.824
           -0.989     0.147     0.000     0.010
            0.000     0.000     1.000     0.000
            0.000     0.000     0.000     1.000
\end{verbatim} \pagebreak[1]\begin{verbatim}
POSITION 91: INPUT: JOINT VARIABLES (  81.729, 196.738,)
OUTPUT:     0.147     0.989     0.000     5.822
           -0.989     0.147     0.000     0.010
            0.000     0.000     1.000     0.000
            0.000     0.000     0.000     1.000
\end{verbatim} \pagebreak[1]\begin{verbatim}
POSITION 92: INPUT: JOINT VARIABLES (  81.732, 196.732,)
OUTPUT:     0.147     0.989     0.000     5.820
           -0.989     0.147     0.000     0.010
            0.000     0.000     1.000     0.000
            0.000     0.000     0.000     1.000
\end{verbatim} \pagebreak[1]\begin{verbatim}
POSITION 93: INPUT: JOINT VARIABLES (  81.735, 196.726,)
OUTPUT:     0.147     0.989     0.000     5.818
           -0.989     0.147     0.000     0.010
            0.000     0.000     1.000     0.000
            0.000     0.000     0.000     1.000
\end{verbatim} \pagebreak[1]\begin{verbatim}
POSITION 94: INPUT: JOINT VARIABLES (  81.738, 196.721,)
OUTPUT:     0.147     0.989     0.000     5.816
           -0.989     0.147     0.000     0.010
            0.000     0.000     1.000     0.000
            0.000     0.000     0.000     1.000
\end{verbatim} \pagebreak[1]\begin{verbatim}
POSITION 95: INPUT: JOINT VARIABLES (  81.741, 196.715,)
OUTPUT:     0.147     0.989     0.000     5.814
           -0.989     0.147     0.000     0.010
            0.000     0.000     1.000     0.000
            0.000     0.000     0.000     1.000
\end{verbatim} \pagebreak[1]\begin{verbatim}
POSITION 96: INPUT: JOINT VARIABLES (  81.744, 196.709,)
OUTPUT:     0.147     0.989     0.000     5.812
           -0.989     0.147     0.000     0.010
            0.000     0.000     1.000     0.000
            0.000     0.000     0.000     1.000
\end{verbatim} \pagebreak[1]\begin{verbatim}
POSITION 97: INPUT: JOINT VARIABLES (  81.747, 196.703,)
OUTPUT:     0.147     0.989     0.000     5.810
           -0.989     0.147     0.000     0.010
            0.000     0.000     1.000     0.000
            0.000     0.000     0.000     1.000
\end{verbatim} \pagebreak[1]\begin{verbatim}
POSITION 98: INPUT: JOINT VARIABLES (  81.750, 196.698,)
OUTPUT:     0.147     0.989     0.000     5.808
           -0.989     0.147     0.000     0.010
            0.000     0.000     1.000     0.000
            0.000     0.000     0.000     1.000
\end{verbatim} \pagebreak[1]\begin{verbatim}
POSITION 99: INPUT: JOINT VARIABLES (  81.753, 196.692,)
OUTPUT:     0.147     0.989     0.000     5.806
           -0.989     0.147     0.000     0.010
            0.000     0.000     1.000     0.000
            0.000     0.000     0.000     1.000
\end{verbatim} \pagebreak[1]\begin{verbatim}
POSITION 100: INPUT: JOINT VARIABLES (  81.756, 196.686,)
OUTPUT:     0.147     0.989     0.000     5.804
           -0.989     0.147     0.000     0.010
            0.000     0.000     1.000     0.000
            0.000     0.000     0.000     1.000
\end{verbatim} \pagebreak[1]\begin{verbatim}
POSITION 101: INPUT: JOINT VARIABLES (  81.759, 196.680,)
OUTPUT:     0.147     0.989     0.000     5.802
           -0.989     0.147     0.000     0.010
            0.000     0.000     1.000     0.000
            0.000     0.000     0.000     1.000
\end{verbatim} \pagebreak[1]\begin{verbatim}
POSITION 102: INPUT: JOINT VARIABLES (  81.762, 196.674,)
OUTPUT:     0.147     0.989     0.000     5.800
           -0.989     0.147     0.000     0.010
            0.000     0.000     1.000     0.000
            0.000     0.000     0.000     1.000
\end{verbatim} \pagebreak[1]\begin{verbatim}
POSITION 103: INPUT: JOINT VARIABLES (  81.765, 196.669,)
OUTPUT:     0.147     0.989     0.000     5.798
           -0.989     0.147     0.000     0.010
            0.000     0.000     1.000     0.000
            0.000     0.000     0.000     1.000
\end{verbatim} \pagebreak[1]\begin{verbatim}
POSITION 104: INPUT: JOINT VARIABLES (  81.767, 196.663,)
OUTPUT:     0.147     0.989     0.000     5.796
           -0.989     0.147     0.000     0.010
            0.000     0.000     1.000     0.000
            0.000     0.000     0.000     1.000
\end{verbatim} \pagebreak[1]\begin{verbatim}
POSITION 105: INPUT: JOINT VARIABLES (  81.770, 196.657,)
OUTPUT:     0.147     0.989     0.000     5.794
           -0.989     0.147     0.000     0.010
            0.000     0.000     1.000     0.000
            0.000     0.000     0.000     1.000
\end{verbatim} \pagebreak[1]\begin{verbatim}
POSITION 106: INPUT: JOINT VARIABLES (  81.773, 196.651,)
OUTPUT:     0.147     0.989     0.000     5.792
           -0.989     0.147     0.000     0.010
            0.000     0.000     1.000     0.000
            0.000     0.000     0.000     1.000
\end{verbatim} \pagebreak[1]\begin{verbatim}
POSITION 107: INPUT: JOINT VARIABLES (  81.776, 196.645,)
OUTPUT:     0.146     0.989     0.000     5.790
           -0.989     0.146     0.000     0.010
            0.000     0.000     1.000     0.000
            0.000     0.000     0.000     1.000
\end{verbatim} \pagebreak[1]\begin{verbatim}
POSITION 108: INPUT: JOINT VARIABLES (  81.779, 196.640,)
OUTPUT:     0.146     0.989     0.000     5.788
           -0.989     0.146     0.000     0.010
            0.000     0.000     1.000     0.000
            0.000     0.000     0.000     1.000
\end{verbatim} \pagebreak[1]\begin{verbatim}
POSITION 109: INPUT: JOINT VARIABLES (  81.782, 196.634,)
OUTPUT:     0.146     0.989     0.000     5.786
           -0.989     0.146     0.000     0.010
            0.000     0.000     1.000     0.000
            0.000     0.000     0.000     1.000
\end{verbatim} \pagebreak[1]\begin{verbatim}
POSITION 110: INPUT: JOINT VARIABLES (  81.785, 196.628,)
OUTPUT:     0.146     0.989     0.000     5.784
           -0.989     0.146     0.000     0.010
            0.000     0.000     1.000     0.000
            0.000     0.000     0.000     1.000
\end{verbatim} \pagebreak[1]\begin{verbatim}
POSITION 111: INPUT: JOINT VARIABLES (  81.788, 196.622,)
OUTPUT:     0.146     0.989     0.000     5.782
           -0.989     0.146     0.000     0.010
            0.000     0.000     1.000     0.000
            0.000     0.000     0.000     1.000
\end{verbatim} \pagebreak[1]\begin{verbatim}
POSITION 112: INPUT: JOINT VARIABLES (  81.791, 196.616,)
OUTPUT:     0.146     0.989     0.000     5.780
           -0.989     0.146     0.000     0.010
            0.000     0.000     1.000     0.000
            0.000     0.000     0.000     1.000
\end{verbatim} \pagebreak[1]\begin{verbatim}
POSITION 113: INPUT: JOINT VARIABLES (  81.794, 196.611,)
OUTPUT:     0.146     0.989     0.000     5.778
           -0.989     0.146     0.000     0.010
            0.000     0.000     1.000     0.000
            0.000     0.000     0.000     1.000
\end{verbatim} \pagebreak[1]\begin{verbatim}
POSITION 114: INPUT: JOINT VARIABLES (  81.797, 196.605,)
OUTPUT:     0.146     0.989     0.000     5.776
           -0.989     0.146     0.000     0.010
            0.000     0.000     1.000     0.000
            0.000     0.000     0.000     1.000
\end{verbatim} \pagebreak[1]\begin{verbatim}
POSITION 115: INPUT: JOINT VARIABLES (  81.800, 196.599,)
OUTPUT:     0.146     0.989     0.000     5.774
           -0.989     0.146     0.000     0.010
            0.000     0.000     1.000     0.000
            0.000     0.000     0.000     1.000
\end{verbatim} \pagebreak[1]\begin{verbatim}
POSITION 116: INPUT: JOINT VARIABLES (  81.803, 196.593,)
OUTPUT:     0.146     0.989     0.000     5.772
           -0.989     0.146     0.000     0.010
            0.000     0.000     1.000     0.000
            0.000     0.000     0.000     1.000
\end{verbatim} \pagebreak[1]\begin{verbatim}
POSITION 117: INPUT: JOINT VARIABLES (  81.806, 196.587,)
OUTPUT:     0.146     0.989     0.000     5.770
           -0.989     0.146     0.000     0.010
            0.000     0.000     1.000     0.000
            0.000     0.000     0.000     1.000
\end{verbatim} \pagebreak[1]\begin{verbatim}
POSITION 118: INPUT: JOINT VARIABLES (  81.809, 196.582,)
OUTPUT:     0.146     0.989     0.000     5.768
           -0.989     0.146     0.000     0.010
            0.000     0.000     1.000     0.000
            0.000     0.000     0.000     1.000
\end{verbatim} \pagebreak[1]\begin{verbatim}
POSITION 119: INPUT: JOINT VARIABLES (  81.811, 196.576,)
OUTPUT:     0.146     0.989     0.000     5.766
           -0.989     0.146     0.000     0.010
            0.000     0.000     1.000     0.000
            0.000     0.000     0.000     1.000
\end{verbatim} \pagebreak[1]\begin{verbatim}
POSITION 120: INPUT: JOINT VARIABLES (  81.814, 196.570,)
OUTPUT:     0.146     0.989     0.000     5.764
           -0.989     0.146     0.000     0.010
            0.000     0.000     1.000     0.000
            0.000     0.000     0.000     1.000
\end{verbatim} \pagebreak[1]\begin{verbatim}
POSITION 121: INPUT: JOINT VARIABLES (  81.817, 196.564,)
OUTPUT:     0.146     0.989     0.000     5.762
           -0.989     0.146     0.000     0.010
            0.000     0.000     1.000     0.000
            0.000     0.000     0.000     1.000
\end{verbatim} \pagebreak[1]\begin{verbatim}
POSITION 122: INPUT: JOINT VARIABLES (  81.820, 196.558,)
OUTPUT:     0.146     0.989     0.000     5.760
           -0.989     0.146     0.000     0.010
            0.000     0.000     1.000     0.000
            0.000     0.000     0.000     1.000
\end{verbatim} \pagebreak[1]\begin{verbatim}
POSITION 123: INPUT: JOINT VARIABLES (  81.823, 196.553,)
OUTPUT:     0.146     0.989     0.000     5.758
           -0.989     0.146     0.000     0.010
            0.000     0.000     1.000     0.000
            0.000     0.000     0.000     1.000
\end{verbatim} \pagebreak[1]\begin{verbatim}
POSITION 124: INPUT: JOINT VARIABLES (  81.826, 196.547,)
OUTPUT:     0.146     0.989     0.000     5.756
           -0.989     0.146     0.000     0.010
            0.000     0.000     1.000     0.000
            0.000     0.000     0.000     1.000
\end{verbatim} \pagebreak[1]\begin{verbatim}
POSITION 125: INPUT: JOINT VARIABLES (  81.829, 196.541,)
OUTPUT:     0.146     0.989     0.000     5.754
           -0.989     0.146     0.000     0.010
            0.000     0.000     1.000     0.000
            0.000     0.000     0.000     1.000
\end{verbatim} \pagebreak[1]\begin{verbatim}
POSITION 126: INPUT: JOINT VARIABLES (  81.832, 196.535,)
OUTPUT:     0.146     0.989     0.000     5.752
           -0.989     0.146     0.000     0.010
            0.000     0.000     1.000     0.000
            0.000     0.000     0.000     1.000
\end{verbatim} \pagebreak[1]\begin{verbatim}
POSITION 127: INPUT: JOINT VARIABLES (  81.835, 196.530,)
OUTPUT:     0.145     0.989     0.000     5.750
           -0.989     0.145     0.000     0.010
            0.000     0.000     1.000     0.000
            0.000     0.000     0.000     1.000
\end{verbatim} \pagebreak[1]\begin{verbatim}
POSITION 128: INPUT: JOINT VARIABLES (  81.838, 196.524,)
OUTPUT:     0.145     0.989     0.000     5.748
           -0.989     0.145     0.000     0.010
            0.000     0.000     1.000     0.000
            0.000     0.000     0.000     1.000
\end{verbatim} \pagebreak[1]\begin{verbatim}
POSITION 129: INPUT: JOINT VARIABLES (  81.841, 196.518,)
OUTPUT:     0.145     0.989     0.000     5.746
           -0.989     0.145     0.000     0.010
            0.000     0.000     1.000     0.000
            0.000     0.000     0.000     1.000
\end{verbatim} \pagebreak[1]\begin{verbatim}
POSITION 130: INPUT: JOINT VARIABLES (  81.844, 196.512,)
OUTPUT:     0.145     0.989     0.000     5.744
           -0.989     0.145     0.000     0.010
            0.000     0.000     1.000     0.000
            0.000     0.000     0.000     1.000
\end{verbatim} \pagebreak[1]\begin{verbatim}
POSITION 131: INPUT: JOINT VARIABLES (  81.847, 196.506,)
OUTPUT:     0.145     0.989     0.000     5.742
           -0.989     0.145     0.000     0.010
            0.000     0.000     1.000     0.000
            0.000     0.000     0.000     1.000
\end{verbatim} \pagebreak[1]\begin{verbatim}
POSITION 132: INPUT: JOINT VARIABLES (  81.850, 196.501,)
OUTPUT:     0.145     0.989     0.000     5.740
           -0.989     0.145     0.000     0.010
            0.000     0.000     1.000     0.000
            0.000     0.000     0.000     1.000
\end{verbatim} \pagebreak[1]\begin{verbatim}
POSITION 133: INPUT: JOINT VARIABLES (  81.852, 196.495,)
OUTPUT:     0.145     0.989     0.000     5.738
           -0.989     0.145     0.000     0.010
            0.000     0.000     1.000     0.000
            0.000     0.000     0.000     1.000
\end{verbatim} \pagebreak[1]\begin{verbatim}
POSITION 134: INPUT: JOINT VARIABLES (  81.855, 196.489,)
OUTPUT:     0.145     0.989     0.000     5.736
           -0.989     0.145     0.000     0.010
            0.000     0.000     1.000     0.000
            0.000     0.000     0.000     1.000
\end{verbatim} \pagebreak[1]\begin{verbatim}
POSITION 135: INPUT: JOINT VARIABLES (  81.858, 196.483,)
OUTPUT:     0.145     0.989     0.000     5.734
           -0.989     0.145     0.000     0.010
            0.000     0.000     1.000     0.000
            0.000     0.000     0.000     1.000
\end{verbatim} \pagebreak[1]\begin{verbatim}
POSITION 136: INPUT: JOINT VARIABLES (  81.861, 196.477,)
OUTPUT:     0.145     0.989     0.000     5.732
           -0.989     0.145     0.000     0.010
