\newpage
World transforms of the robot at positions calculated for coordinate interpolated motion.
\begin{verbatim}
POSITION 1: INPUT: JOINT VARIABLES (   0.000, 326.976,  50.858,)
OUTPUT:     1.000     0.000     0.000     4.000
            0.000     0.952    -0.306     1.500
            0.000     0.306     0.952    13.000
            0.000     0.000     0.000     1.000
\end{verbatim} \pagebreak[1]\begin{verbatim}
POSITION 2: INPUT: JOINT VARIABLES ( 359.861, 324.008,  57.465,)
OUTPUT:     1.000     0.002    -0.001     4.004
           -0.002     0.931    -0.366     1.464
            0.000     0.366     0.931    12.768
            0.000     0.000     0.000     1.000
\end{verbatim} \pagebreak[1]\begin{verbatim}
POSITION 3: INPUT: JOINT VARIABLES ( 359.406, 316.558,  74.095,)
OUTPUT:     1.000     0.009    -0.005     4.014
           -0.010     0.860    -0.510     1.357
            0.000     0.510     0.860    12.071
            0.000     0.000     0.000     1.000
\end{verbatim} \pagebreak[1]\begin{verbatim}
POSITION 4: INPUT: JOINT VARIABLES ( 358.701, 308.475,  92.237,)
OUTPUT:     1.000     0.017    -0.015     4.029
           -0.023     0.758    -0.652     1.214
            0.000     0.652     0.758    11.143
            0.000     0.000     0.000     1.000
\end{verbatim} \pagebreak[1]\begin{verbatim}
POSITION 5: INPUT: JOINT VARIABLES ( 357.859, 301.530, 107.937,)
OUTPUT:     0.999     0.024    -0.028     4.043
           -0.037     0.649    -0.759     1.071
            0.000     0.760     0.650    10.214
            0.000     0.000     0.000     1.000
\end{verbatim} \pagebreak[1]\begin{verbatim}
POSITION 6: INPUT: JOINT VARIABLES ( 356.851, 295.261, 122.191,)
OUTPUT:     0.998     0.030    -0.046     4.057
           -0.055     0.537    -0.842     0.929
            0.000     0.843     0.538     9.286
            0.000     0.000     0.000     1.000
\end{verbatim} \pagebreak[1]\begin{verbatim}
POSITION 7: INPUT: JOINT VARIABLES ( 355.645, 289.414, 135.512,)
OUTPUT:     0.997     0.032    -0.069     4.071
           -0.076     0.423    -0.903     0.786
            0.000     0.906     0.424     8.357
            0.000     0.000     0.000     1.000
\end{verbatim} \pagebreak[1]\begin{verbatim}
POSITION 8: INPUT: JOINT VARIABLES ( 354.209, 283.791, 148.200,)
OUTPUT:     0.995     0.031    -0.096     4.086
           -0.101     0.308    -0.946     0.643
            0.000     0.951     0.309     7.429
            0.000     0.000     0.000     1.000
\end{verbatim} \pagebreak[1]\begin{verbatim}
POSITION 9: INPUT: JOINT VARIABLES ( 352.519, 278.115, 160.433,)
OUTPUT:     0.991     0.026    -0.128     4.100
           -0.130     0.197    -0.972     0.500
            0.000     0.980     0.199     6.500
            0.000     0.000     0.000     1.000
\end{verbatim} \pagebreak[1]\begin{verbatim}
POSITION 10: INPUT: JOINT VARIABLES ( 350.560, 271.129, 172.081,)
OUTPUT:     0.986     0.019    -0.163     4.114
           -0.164     0.117    -0.980     0.357
            0.000     0.993     0.118     5.571
            0.000     0.000     0.000     1.000
\end{verbatim} \pagebreak[1]\begin{verbatim}
POSITION 11: INPUT: JOINT VARIABLES ( 348.336, 228.896, 174.008,)
OUTPUT:     0.979     0.148    -0.138     4.129
           -0.202     0.717    -0.667     0.214
            0.000     0.681     0.733     4.643
            0.000     0.000     0.000     1.000
\end{verbatim} \pagebreak[1]\begin{verbatim}
POSITION 12: INPUT: JOINT VARIABLES ( 345.866, 174.785, 162.643,)
OUTPUT:     0.970     0.225     0.094     4.143
           -0.244     0.895     0.372     0.071
            0.000    -0.384     0.923     3.714
            0.000     0.000     0.000     1.000
\end{verbatim} \pagebreak[1]\begin{verbatim}
POSITION 13: INPUT: JOINT VARIABLES ( 343.182, 154.756, 150.488,)
OUTPUT:     0.957     0.167     0.236     4.157
           -0.289     0.552     0.782    -0.071
            0.000    -0.817     0.577     2.786
            0.000     0.000     0.000     1.000
\end{verbatim} \pagebreak[1]\begin{verbatim}
POSITION 14: INPUT: JOINT VARIABLES ( 340.323, 148.097, 137.893,)
OUTPUT:     0.942     0.093     0.324     4.171
           -0.337     0.259     0.905    -0.214
            0.000    -0.961     0.275     1.857
            0.000     0.000     0.000     1.000
\end{verbatim} \pagebreak[1]\begin{verbatim}
POSITION 15: INPUT: JOINT VARIABLES ( 337.331, 147.121, 124.708,)
OUTPUT:     0.923     0.012     0.385     4.186
           -0.385     0.029     0.922    -0.357
            0.000    -0.999     0.032     0.929
            0.000     0.000     0.000     1.000
\end{verbatim} \pagebreak[1]\begin{verbatim}
POSITION 16: INPUT: JOINT VARIABLES ( 335.022, 148.445, 114.271,)
OUTPUT:     0.906    -0.054     0.419     4.196
           -0.422    -0.115     0.899    -0.464
            0.000    -0.992    -0.127     0.232
            0.000     0.000     0.000     1.000
\end{verbatim} \pagebreak[1]\begin{verbatim}
POSITION 17: INPUT: JOINT VARIABLES ( 334.244, 149.172, 110.656,)
OUTPUT:     0.901    -0.077     0.428     4.200
           -0.435    -0.159     0.886    -0.500
            0.000    -0.984    -0.177     0.000
            0.000     0.000     0.000     1.000
\end{verbatim} \pagebreak[1]