\newpage
World transforms of the robot at positions calculated for coordinate interpolated motion.
\begin{verbatim}
POSITION 1: INPUT: JOINT VARIABLES (   0.000, 326.976,  50.858,)
OUTPUT:     1.000     0.000     0.000     4.000
            0.000     0.952    -0.306     1.500
            0.000     0.306     0.952    13.000
            0.000     0.000     0.000     1.000
\end{verbatim} \pagebreak[1]\begin{verbatim}
POSITION 2: INPUT: JOINT VARIABLES ( 359.999, 326.957,  50.898,)
OUTPUT:     1.000     0.000    -0.000     4.000
           -0.000     0.952    -0.307     1.500
            0.000     0.307     0.952    12.999
            0.000     0.000     0.000     1.000
\end{verbatim} \pagebreak[1]\begin{verbatim}
POSITION 3: INPUT: JOINT VARIABLES ( 359.997, 326.902,  51.021,)
OUTPUT:     1.000     0.000    -0.000     4.000
           -0.000     0.951    -0.308     1.499
            0.000     0.308     0.951    12.995
            0.000     0.000     0.000     1.000
\end{verbatim} \pagebreak[1]\begin{verbatim}
POSITION 4: INPUT: JOINT VARIABLES ( 359.994, 326.829,  51.184,)
OUTPUT:     1.000     0.000    -0.000     4.000
           -0.000     0.951    -0.309     1.498
            0.000     0.309     0.951    12.989
            0.000     0.000     0.000     1.000
\end{verbatim} \pagebreak[1]\begin{verbatim}
POSITION 5: INPUT: JOINT VARIABLES ( 359.990, 326.756,  51.346,)
OUTPUT:     1.000     0.000    -0.000     4.000
           -0.000     0.951    -0.311     1.497
            0.000     0.311     0.951    12.984
            0.000     0.000     0.000     1.000
\end{verbatim} \pagebreak[1]\begin{verbatim}
POSITION 6: INPUT: JOINT VARIABLES ( 359.987, 326.683,  51.508,)
OUTPUT:     1.000     0.000    -0.000     4.000
           -0.000     0.950    -0.312     1.497
            0.000     0.312     0.950    12.978
            0.000     0.000     0.000     1.000
\end{verbatim} \pagebreak[1]\begin{verbatim}
POSITION 7: INPUT: JOINT VARIABLES ( 359.984, 326.611,  51.669,)
OUTPUT:     1.000     0.000    -0.000     4.000
           -0.000     0.950    -0.314     1.496
            0.000     0.314     0.950    12.973
            0.000     0.000     0.000     1.000
\end{verbatim} \pagebreak[1]\begin{verbatim}
POSITION 8: INPUT: JOINT VARIABLES ( 359.981, 326.539,  51.830,)
OUTPUT:     1.000     0.000    -0.000     4.001
           -0.000     0.949    -0.315     1.495
            0.000     0.315     0.949    12.967
            0.000     0.000     0.000     1.000
\end{verbatim} \pagebreak[1]\begin{verbatim}
POSITION 9: INPUT: JOINT VARIABLES ( 359.978, 326.466,  51.991,)
OUTPUT:     1.000     0.000    -0.000     4.001
           -0.000     0.949    -0.317     1.494
            0.000     0.317     0.949    12.962
            0.000     0.000     0.000     1.000
\end{verbatim} \pagebreak[1]\begin{verbatim}
POSITION 10: INPUT: JOINT VARIABLES ( 359.974, 326.395,  52.151,)
OUTPUT:     1.000     0.000    -0.000     4.001
           -0.000     0.948    -0.318     1.493
            0.000     0.318     0.948    12.957
            0.000     0.000     0.000     1.000
\end{verbatim} \pagebreak[1]\begin{verbatim}
POSITION 11: INPUT: JOINT VARIABLES ( 359.971, 326.323,  52.311,)
OUTPUT:     1.000     0.000    -0.000     4.001
           -0.001     0.948    -0.320     1.492
            0.000     0.320     0.948    12.951
            0.000     0.000     0.000     1.000
\end{verbatim} \pagebreak[1]\begin{verbatim}
POSITION 12: INPUT: JOINT VARIABLES ( 359.968, 326.251,  52.470,)
OUTPUT:     1.000     0.001    -0.000     4.001
           -0.001     0.947    -0.321     1.492
            0.000     0.321     0.947    12.946
            0.000     0.000     0.000     1.000
\end{verbatim} \pagebreak[1]\begin{verbatim}
POSITION 13: INPUT: JOINT VARIABLES ( 359.965, 326.180,  52.628,)
OUTPUT:     1.000     0.001    -0.000     4.001
           -0.001     0.947    -0.322     1.491
            0.000     0.322     0.947    12.940
            0.000     0.000     0.000     1.000
\end{verbatim} \pagebreak[1]\begin{verbatim}
POSITION 14: INPUT: JOINT VARIABLES ( 359.962, 326.109,  52.787,)
OUTPUT:     1.000     0.001    -0.000     4.001
           -0.001     0.946    -0.324     1.490
            0.000     0.324     0.946    12.935
            0.000     0.000     0.000     1.000
\end{verbatim} \pagebreak[1]\begin{verbatim}
POSITION 15: INPUT: JOINT VARIABLES ( 359.958, 326.038,  52.944,)
OUTPUT:     1.000     0.001    -0.000     4.001
           -0.001     0.946    -0.325     1.489
            0.000     0.325     0.946    12.930
            0.000     0.000     0.000     1.000
\end{verbatim} \pagebreak[1]\begin{verbatim}
POSITION 16: INPUT: JOINT VARIABLES ( 359.955, 325.968,  53.102,)
OUTPUT:     1.000     0.001    -0.000     4.001
           -0.001     0.945    -0.327     1.488
            0.000     0.327     0.945    12.924
            0.000     0.000     0.000     1.000
\end{verbatim} \pagebreak[1]\begin{verbatim}
POSITION 17: INPUT: JOINT VARIABLES ( 359.952, 325.897,  53.259,)
OUTPUT:     1.000     0.001    -0.000     4.001
           -0.001     0.945    -0.328     1.487
            0.000     0.328     0.945    12.919
            0.000     0.000     0.000     1.000
\end{verbatim} \pagebreak[1]\begin{verbatim}
POSITION 18: INPUT: JOINT VARIABLES ( 359.949, 325.827,  53.415,)
OUTPUT:     1.000     0.001    -0.000     4.001
           -0.001     0.944    -0.330     1.487
            0.000     0.330     0.944    12.913
            0.000     0.000     0.000     1.000
\end{verbatim} \pagebreak[1]\begin{verbatim}
POSITION 19: INPUT: JOINT VARIABLES ( 359.945, 325.757,  53.571,)
OUTPUT:     1.000     0.001    -0.000     4.001
           -0.001     0.944    -0.331     1.486
            0.000     0.331     0.944    12.908
            0.000     0.000     0.000     1.000
\end{verbatim} \pagebreak[1]\begin{verbatim}
POSITION 20: INPUT: JOINT VARIABLES ( 359.942, 325.687,  53.727,)
OUTPUT:     1.000     0.001    -0.000     4.002
           -0.001     0.943    -0.332     1.485
            0.000     0.332     0.943    12.902
            0.000     0.000     0.000     1.000
\end{verbatim} \pagebreak[1]\begin{verbatim}
POSITION 21: INPUT: JOINT VARIABLES ( 359.939, 325.617,  53.882,)
OUTPUT:     1.000     0.001    -0.000     4.002
           -0.001     0.943    -0.334     1.484
            0.000     0.334     0.943    12.897
            0.000     0.000     0.000     1.000
\end{verbatim} \pagebreak[1]\begin{verbatim}
POSITION 22: INPUT: JOINT VARIABLES ( 359.936, 325.548,  54.037,)
OUTPUT:     1.000     0.001    -0.000     4.002
           -0.001     0.942    -0.335     1.483
            0.000     0.335     0.942    12.892
            0.000     0.000     0.000     1.000
\end{verbatim} \pagebreak[1]\begin{verbatim}
POSITION 23: INPUT: JOINT VARIABLES ( 359.932, 325.478,  54.191,)
OUTPUT:     1.000     0.001    -0.000     4.002
           -0.001     0.942    -0.337     1.482
            0.000     0.337     0.942    12.886
            0.000     0.000     0.000     1.000
\end{verbatim} \pagebreak[1]\begin{verbatim}
POSITION 24: INPUT: JOINT VARIABLES ( 359.929, 325.409,  54.345,)
OUTPUT:     1.000     0.001    -0.000     4.002
           -0.001     0.941    -0.338     1.482
            0.000     0.338     0.941    12.881
            0.000     0.000     0.000     1.000
\end{verbatim} \pagebreak[1]\begin{verbatim}
POSITION 25: INPUT: JOINT VARIABLES ( 359.926, 325.340,  54.499,)
OUTPUT:     1.000     0.001    -0.000     4.002
           -0.001     0.941    -0.339     1.481
            0.000     0.339     0.941    12.875
            0.000     0.000     0.000     1.000
\end{verbatim} \pagebreak[1]\begin{verbatim}
POSITION 26: INPUT: JOINT VARIABLES ( 359.923, 325.271,  54.652,)
OUTPUT:     1.000     0.001    -0.000     4.002
           -0.001     0.940    -0.341     1.480
            0.000     0.341     0.940    12.870
            0.000     0.000     0.000     1.000
\end{verbatim} \pagebreak[1]\begin{verbatim}
POSITION 27: INPUT: JOINT VARIABLES ( 359.919, 325.203,  54.805,)
OUTPUT:     1.000     0.001    -0.000     4.002
           -0.001     0.940    -0.342     1.479
            0.000     0.342     0.940    12.864
            0.000     0.000     0.000     1.000
\end{verbatim} \pagebreak[1]\begin{verbatim}
POSITION 28: INPUT: JOINT VARIABLES ( 359.916, 325.134,  54.957,)
OUTPUT:     1.000     0.001    -0.001     4.002
           -0.001     0.939    -0.344     1.478
            0.000     0.344     0.939    12.859
            0.000     0.000     0.000     1.000
\end{verbatim} \pagebreak[1]\begin{verbatim}
POSITION 29: INPUT: JOINT VARIABLES ( 359.913, 325.066,  55.109,)
OUTPUT:     1.000     0.001    -0.001     4.002
           -0.002     0.939    -0.345     1.477
            0.000     0.345     0.939    12.854
            0.000     0.000     0.000     1.000
\end{verbatim} \pagebreak[1]\begin{verbatim}
POSITION 30: INPUT: JOINT VARIABLES ( 359.910, 324.998,  55.261,)
OUTPUT:     1.000     0.001    -0.001     4.002
           -0.002     0.938    -0.346     1.477
            0.000     0.346     0.938    12.848
            0.000     0.000     0.000     1.000
\end{verbatim} \pagebreak[1]\begin{verbatim}
POSITION 31: INPUT: JOINT VARIABLES ( 359.906, 324.930,  55.412,)
OUTPUT:     1.000     0.002    -0.001     4.002
           -0.002     0.938    -0.348     1.476
            0.000     0.348     0.938    12.843
            0.000     0.000     0.000     1.000
\end{verbatim} \pagebreak[1]\begin{verbatim}
POSITION 32: INPUT: JOINT VARIABLES ( 359.903, 324.862,  55.563,)
OUTPUT:     1.000     0.002    -0.001     4.003
           -0.002     0.937    -0.349     1.475
            0.000     0.349     0.937    12.837
            0.000     0.000     0.000     1.000
\end{verbatim} \pagebreak[1]\begin{verbatim}
POSITION 33: INPUT: JOINT VARIABLES ( 359.900, 324.795,  55.714,)
OUTPUT:     1.000     0.002    -0.001     4.003
           -0.002     0.937    -0.350     1.474
            0.000     0.350     0.937    12.832
            0.000     0.000     0.000     1.000
\end{verbatim} \pagebreak[1]\begin{verbatim}
POSITION 34: INPUT: JOINT VARIABLES ( 359.896, 324.727,  55.864,)
OUTPUT:     1.000     0.002    -0.001     4.003
           -0.002     0.936    -0.352     1.473
            0.000     0.352     0.936    12.827
            0.000     0.000     0.000     1.000
\end{verbatim} \pagebreak[1]\begin{verbatim}
POSITION 35: INPUT: JOINT VARIABLES ( 359.893, 324.660,  56.014,)
OUTPUT:     1.000     0.002    -0.001     4.003
           -0.002     0.936    -0.353     1.472
            0.000     0.353     0.936    12.821
            0.000     0.000     0.000     1.000
\end{verbatim} \pagebreak[1]\begin{verbatim}
POSITION 36: INPUT: JOINT VARIABLES ( 359.890, 324.593,  56.163,)
OUTPUT:     1.000     0.002    -0.001     4.003
           -0.002     0.935    -0.354     1.472
            0.000     0.354     0.935    12.816
            0.000     0.000     0.000     1.000
\end{verbatim} \pagebreak[1]\begin{verbatim}
POSITION 37: INPUT: JOINT VARIABLES ( 359.887, 324.526,  56.312,)
OUTPUT:     1.000     0.002    -0.001     4.003
           -0.002     0.935    -0.356     1.471
            0.000     0.356     0.935    12.810
            0.000     0.000     0.000     1.000
\end{verbatim} \pagebreak[1]\begin{verbatim}
POSITION 38: INPUT: JOINT VARIABLES ( 359.883, 324.459,  56.461,)
OUTPUT:     1.000     0.002    -0.001     4.003
           -0.002     0.934    -0.357     1.470
            0.000     0.357     0.934    12.805
            0.000     0.000     0.000     1.000
\end{verbatim} \pagebreak[1]\begin{verbatim}
POSITION 39: INPUT: JOINT VARIABLES ( 359.880, 324.393,  56.609,)
OUTPUT:     1.000     0.002    -0.001     4.003
           -0.002     0.934    -0.358     1.469
            0.000     0.358     0.934    12.799
            0.000     0.000     0.000     1.000
\end{verbatim} \pagebreak[1]\begin{verbatim}
POSITION 40: INPUT: JOINT VARIABLES ( 359.877, 324.326,  56.757,)
OUTPUT:     1.000     0.002    -0.001     4.003
           -0.002     0.933    -0.360     1.468
            0.000     0.360     0.933    12.794
            0.000     0.000     0.000     1.000
\end{verbatim} \pagebreak[1]\begin{verbatim}
POSITION 41: INPUT: JOINT VARIABLES ( 359.873, 324.260,  56.905,)
OUTPUT:     1.000     0.002    -0.001     4.003
           -0.002     0.933    -0.361     1.467
            0.000     0.361     0.933    12.789
            0.000     0.000     0.000     1.000
\end{verbatim} \pagebreak[1]\begin{verbatim}
POSITION 42: INPUT: JOINT VARIABLES ( 359.870, 324.194,  57.052,)
OUTPUT:     1.000     0.002    -0.001     4.003
           -0.002     0.932    -0.362     1.467
            0.000     0.362     0.932    12.783
            0.000     0.000     0.000     1.000
\end{verbatim} \pagebreak[1]\begin{verbatim}
POSITION 43: INPUT: JOINT VARIABLES ( 359.867, 324.128,  57.199,)
OUTPUT:     1.000     0.002    -0.001     4.003
           -0.002     0.932    -0.364     1.466
            0.000     0.364     0.932    12.778
            0.000     0.000     0.000     1.000
\end{verbatim} \pagebreak[1]\begin{verbatim}
POSITION 44: INPUT: JOINT VARIABLES ( 359.863, 324.062,  57.345,)
OUTPUT:     1.000     0.002    -0.001     4.004
           -0.002     0.931    -0.365     1.465
            0.000     0.365     0.931    12.772
            0.000     0.000     0.000     1.000
\end{verbatim} \pagebreak[1]\begin{verbatim}
POSITION 45: INPUT: JOINT VARIABLES ( 359.860, 323.997,  57.492,)
OUTPUT:     1.000     0.002    -0.001     4.004
           -0.002     0.930    -0.366     1.464
            0.000     0.366     0.930    12.767
            0.000     0.000     0.000     1.000
\end{verbatim} \pagebreak[1]\begin{verbatim}
POSITION 46: INPUT: JOINT VARIABLES ( 359.857, 323.931,  57.637,)
OUTPUT:     1.000     0.002    -0.001     4.004
           -0.002     0.930    -0.368     1.463
            0.000     0.368     0.930    12.761
            0.000     0.000     0.000     1.000
\end{verbatim} \pagebreak[1]\begin{verbatim}
POSITION 47: INPUT: JOINT VARIABLES ( 359.853, 323.866,  57.783,)
OUTPUT:     1.000     0.002    -0.001     4.004
           -0.003     0.929    -0.369     1.462
            0.000     0.369     0.929    12.756
            0.000     0.000     0.000     1.000
\end{verbatim} \pagebreak[1]\begin{verbatim}
POSITION 48: INPUT: JOINT VARIABLES ( 359.850, 323.801,  57.928,)
OUTPUT:     1.000     0.002    -0.001     4.004
           -0.003     0.929    -0.370     1.462
            0.000     0.370     0.929    12.751
            0.000     0.000     0.000     1.000
\end{verbatim} \pagebreak[1]\begin{verbatim}
POSITION 49: INPUT: JOINT VARIABLES ( 359.847, 323.736,  58.073,)
OUTPUT:     1.000     0.002    -0.001     4.004
           -0.003     0.928    -0.372     1.461
            0.000     0.372     0.928    12.745
            0.000     0.000     0.000     1.000
\end{verbatim} \pagebreak[1]\begin{verbatim}
POSITION 50: INPUT: JOINT VARIABLES ( 359.843, 323.671,  58.218,)
OUTPUT:     1.000     0.003    -0.001     4.004
           -0.003     0.928    -0.373     1.460
            0.000     0.373     0.928    12.740
            0.000     0.000     0.000     1.000
\end{verbatim} \pagebreak[1]\begin{verbatim}
POSITION 51: INPUT: JOINT VARIABLES ( 359.840, 323.606,  58.362,)
OUTPUT:     1.000     0.003    -0.001     4.004
           -0.003     0.927    -0.374     1.459
            0.000     0.374     0.927    12.734
            0.000     0.000     0.000     1.000
\end{verbatim} \pagebreak[1]\begin{verbatim}
POSITION 52: INPUT: JOINT VARIABLES ( 359.837, 323.542,  58.506,)
OUTPUT:     1.000     0.003    -0.001     4.004
           -0.003     0.927    -0.375     1.458
            0.000     0.375     0.927    12.729
            0.000     0.000     0.000     1.000
\end{verbatim} \pagebreak[1]\begin{verbatim}
POSITION 53: INPUT: JOINT VARIABLES ( 359.833, 323.477,  58.649,)
OUTPUT:     1.000     0.003    -0.001     4.004
           -0.003     0.926    -0.377     1.457
            0.000     0.377     0.926    12.724
            0.000     0.000     0.000     1.000
\end{verbatim} \pagebreak[1]\begin{verbatim}
POSITION 54: INPUT: JOINT VARIABLES ( 359.830, 323.413,  58.793,)
OUTPUT:     1.000     0.003    -0.001     4.004
           -0.003     0.926    -0.378     1.457
            0.000     0.378     0.926    12.718
            0.000     0.000     0.000     1.000
\end{verbatim} \pagebreak[1]\begin{verbatim}
POSITION 55: INPUT: JOINT VARIABLES ( 359.827, 323.349,  58.935,)
OUTPUT:     1.000     0.003    -0.001     4.004
           -0.003     0.925    -0.379     1.456
            0.000     0.379     0.925    12.713
            0.000     0.000     0.000     1.000
\end{verbatim} \pagebreak[1]\begin{verbatim}
POSITION 56: INPUT: JOINT VARIABLES ( 359.823, 323.285,  59.078,)
OUTPUT:     1.000     0.003    -0.001     4.005
           -0.003     0.925    -0.380     1.455
            0.000     0.380     0.925    12.707
            0.000     0.000     0.000     1.000
\end{verbatim} \pagebreak[1]\begin{verbatim}
POSITION 57: INPUT: JOINT VARIABLES ( 359.820, 323.221,  59.220,)
OUTPUT:     1.000     0.003    -0.001     4.005
           -0.003     0.924    -0.382     1.454
            0.000     0.382     0.924    12.702
            0.000     0.000     0.000     1.000
\end{verbatim} \pagebreak[1]\begin{verbatim}
POSITION 58: INPUT: JOINT VARIABLES ( 359.817, 323.157,  59.362,)
OUTPUT:     1.000     0.003    -0.001     4.005
           -0.003     0.924    -0.383     1.453
            0.000     0.383     0.924    12.696
            0.000     0.000     0.000     1.000
\end{verbatim} \pagebreak[1]\begin{verbatim}
POSITION 59: INPUT: JOINT VARIABLES ( 359.813, 323.094,  59.504,)
OUTPUT:     1.000     0.003    -0.001     4.005
           -0.003     0.923    -0.384     1.452
            0.000     0.384     0.923    12.691
            0.000     0.000     0.000     1.000
\end{verbatim} \pagebreak[1]\begin{verbatim}
POSITION 60: INPUT: JOINT VARIABLES ( 359.810, 323.030,  59.645,)
OUTPUT:     1.000     0.003    -0.001     4.005
           -0.003     0.923    -0.386     1.452
            0.000     0.386     0.923    12.686
            0.000     0.000     0.000     1.000
\end{verbatim} \pagebreak[1]\begin{verbatim}
POSITION 61: INPUT: JOINT VARIABLES ( 359.807, 322.967,  59.787,)
OUTPUT:     1.000     0.003    -0.001     4.005
           -0.003     0.922    -0.387     1.451
            0.000     0.387     0.922    12.680
            0.000     0.000     0.000     1.000
\end{verbatim} \pagebreak[1]\begin{verbatim}
POSITION 62: INPUT: JOINT VARIABLES ( 359.803, 322.904,  59.927,)
OUTPUT:     1.000     0.003    -0.001     4.005
           -0.003     0.922    -0.388     1.450
            0.000     0.388     0.922    12.675
            0.000     0.000     0.000     1.000
\end{verbatim} \pagebreak[1]\begin{verbatim}
POSITION 63: INPUT: JOINT VARIABLES ( 359.800, 322.841,  60.068,)
OUTPUT:     1.000     0.003    -0.001     4.005
           -0.003     0.921    -0.389     1.449
            0.000     0.389     0.921    12.669
            0.000     0.000     0.000     1.000
\end{verbatim} \pagebreak[1]\begin{verbatim}
POSITION 64: INPUT: JOINT VARIABLES ( 359.796, 322.778,  60.208,)
OUTPUT:     1.000     0.003    -0.001     4.005
           -0.004     0.921    -0.391     1.448
            0.000     0.391     0.921    12.664
            0.000     0.000     0.000     1.000
\end{verbatim} \pagebreak[1]\begin{verbatim}
POSITION 65: INPUT: JOINT VARIABLES ( 359.793, 322.715,  60.348,)
OUTPUT:     1.000     0.003    -0.001     4.005
           -0.004     0.920    -0.392     1.447
            0.000     0.392     0.920    12.658
            0.000     0.000     0.000     1.000
\end{verbatim} \pagebreak[1]\begin{verbatim}
POSITION 66: INPUT: JOINT VARIABLES ( 359.790, 322.653,  60.488,)
OUTPUT:     1.000     0.003    -0.001     4.005
           -0.004     0.920    -0.393     1.447
            0.000     0.393     0.920    12.653
            0.000     0.000     0.000     1.000
\end{verbatim} \pagebreak[1]\begin{verbatim}
POSITION 67: INPUT: JOINT VARIABLES ( 359.786, 322.590,  60.627,)
OUTPUT:     1.000     0.003    -0.001     4.005
           -0.004     0.919    -0.394     1.446
            0.000     0.394     0.919    12.648
            0.000     0.000     0.000     1.000
\end{verbatim} \pagebreak[1]\begin{verbatim}
POSITION 68: INPUT: JOINT VARIABLES ( 359.783, 322.528,  60.766,)
OUTPUT:     1.000     0.003    -0.001     4.006
           -0.004     0.918    -0.395     1.445
            0.000     0.395     0.918    12.642
            0.000     0.000     0.000     1.000
\end{verbatim} \pagebreak[1]\begin{verbatim}
POSITION 69: INPUT: JOINT VARIABLES ( 359.779, 322.465,  60.905,)
OUTPUT:     1.000     0.004    -0.002     4.006
           -0.004     0.918    -0.397     1.444
            0.000     0.397     0.918    12.637
            0.000     0.000     0.000     1.000
\end{verbatim} \pagebreak[1]\begin{verbatim}
POSITION 70: INPUT: JOINT VARIABLES ( 359.776, 322.403,  61.043,)
OUTPUT:     1.000     0.004    -0.002     4.006
           -0.004     0.917    -0.398     1.443
            0.000     0.398     0.917    12.631
            0.000     0.000     0.000     1.000
\end{verbatim} \pagebreak[1]\begin{verbatim}
POSITION 71: INPUT: JOINT VARIABLES ( 359.773, 322.341,  61.181,)
OUTPUT:     1.000     0.004    -0.002     4.006
           -0.004     0.917    -0.399     1.442
            0.000     0.399     0.917    12.626
            0.000     0.000     0.000     1.000
\end{verbatim} \pagebreak[1]\begin{verbatim}
POSITION 72: INPUT: JOINT VARIABLES ( 359.769, 322.280,  61.319,)
OUTPUT:     1.000     0.004    -0.002     4.006
           -0.004     0.916    -0.400     1.442
            0.000     0.400     0.916    12.621
            0.000     0.000     0.000     1.000
\end{verbatim} \pagebreak[1]\begin{verbatim}
POSITION 73: INPUT: JOINT VARIABLES ( 359.766, 322.218,  61.457,)
OUTPUT:     1.000     0.004    -0.002     4.006
           -0.004     0.916    -0.402     1.441
            0.000     0.402     0.916    12.615
            0.000     0.000     0.000     1.000
\end{verbatim} \pagebreak[1]\begin{verbatim}
POSITION 74: INPUT: JOINT VARIABLES ( 359.762, 322.156,  61.594,)
OUTPUT:     1.000     0.004    -0.002     4.006
           -0.004     0.915    -0.403     1.440
            0.000     0.403     0.915    12.610
            0.000     0.000     0.000     1.000
\end{verbatim} \pagebreak[1]\begin{verbatim}
POSITION 75: INPUT: JOINT VARIABLES ( 359.759, 322.095,  61.731,)
OUTPUT:     1.000     0.004    -0.002     4.006
           -0.004     0.915    -0.404     1.439
            0.000     0.404     0.915    12.604
            0.000     0.000     0.000     1.000
\end{verbatim} \pagebreak[1]\begin{verbatim}
POSITION 76: INPUT: JOINT VARIABLES ( 359.756, 322.033,  61.868,)
OUTPUT:     1.000     0.004    -0.002     4.006
           -0.004     0.914    -0.405     1.438
            0.000     0.405     0.914    12.599
            0.000     0.000     0.000     1.000
\end{verbatim} \pagebreak[1]\begin{verbatim}
POSITION 77: INPUT: JOINT VARIABLES ( 359.752, 321.972,  62.004,)
OUTPUT:     1.000     0.004    -0.002     4.006
           -0.004     0.914    -0.406     1.437
            0.000     0.406     0.914    12.593
            0.000     0.000     0.000     1.000
\end{verbatim} \pagebreak[1]\begin{verbatim}
POSITION 78: INPUT: JOINT VARIABLES ( 359.749, 321.911,  62.140,)
OUTPUT:     1.000     0.004    -0.002     4.006
           -0.004     0.913    -0.408     1.437
            0.000     0.408     0.913    12.588
            0.000     0.000     0.000     1.000
\end{verbatim} \pagebreak[1]\begin{verbatim}
POSITION 79: INPUT: JOINT VARIABLES ( 359.745, 321.850,  62.276,)
OUTPUT:     1.000     0.004    -0.002     4.006
           -0.004     0.913    -0.409     1.436
            0.000     0.409     0.913    12.583
            0.000     0.000     0.000     1.000
\end{verbatim} \pagebreak[1]\begin{verbatim}
POSITION 80: INPUT: JOINT VARIABLES ( 359.742, 321.789,  62.412,)
OUTPUT:     1.000     0.004    -0.002     4.007
           -0.005     0.912    -0.410     1.435
            0.000     0.410     0.912    12.577
            0.000     0.000     0.000     1.000
\end{verbatim} \pagebreak[1]\begin{verbatim}
POSITION 81: INPUT: JOINT VARIABLES ( 359.738, 321.729,  62.548,)
OUTPUT:     1.000     0.004    -0.002     4.007
           -0.005     0.912    -0.411     1.434
            0.000     0.411     0.912    12.572
            0.000     0.000     0.000     1.000
\end{verbatim} \pagebreak[1]\begin{verbatim}
POSITION 82: INPUT: JOINT VARIABLES ( 359.735, 321.668,  62.683,)
OUTPUT:     1.000     0.004    -0.002     4.007
           -0.005     0.911    -0.412     1.433
            0.000     0.412     0.911    12.566
            0.000     0.000     0.000     1.000
\end{verbatim} \pagebreak[1]\begin{verbatim}
POSITION 83: INPUT: JOINT VARIABLES ( 359.732, 321.608,  62.818,)
OUTPUT:     1.000     0.004    -0.002     4.007
           -0.005     0.910    -0.414     1.432
            0.000     0.414     0.911    12.561
            0.000     0.000     0.000     1.000
\end{verbatim} \pagebreak[1]\begin{verbatim}
POSITION 84: INPUT: JOINT VARIABLES ( 359.728, 321.547,  62.952,)
OUTPUT:     1.000     0.004    -0.002     4.007
           -0.005     0.910    -0.415     1.432
            0.000     0.415     0.910    12.555
            0.000     0.000     0.000     1.000
\end{verbatim} \pagebreak[1]\begin{verbatim}
POSITION 85: INPUT: JOINT VARIABLES ( 359.725, 321.487,  63.087,)
OUTPUT:     1.000     0.004    -0.002     4.007
           -0.005     0.909    -0.416     1.431
            0.000     0.416     0.909    12.550
            0.000     0.000     0.000     1.000
\end{verbatim} \pagebreak[1]\begin{verbatim}
POSITION 86: INPUT: JOINT VARIABLES ( 359.721, 321.427,  63.221,)
OUTPUT:     1.000     0.004    -0.002     4.007
           -0.005     0.909    -0.417     1.430
            0.000     0.417     0.909    12.545
            0.000     0.000     0.000     1.000
\end{verbatim} \pagebreak[1]\begin{verbatim}
POSITION 87: INPUT: JOINT VARIABLES ( 359.718, 321.367,  63.355,)
OUTPUT:     1.000     0.004    -0.002     4.007
           -0.005     0.908    -0.418     1.429
            0.000     0.418     0.908    12.539
            0.000     0.000     0.000     1.000
\end{verbatim} \pagebreak[1]\begin{verbatim}
POSITION 88: INPUT: JOINT VARIABLES ( 359.714, 321.307,  63.488,)
OUTPUT:     1.000     0.005    -0.002     4.007
           -0.005     0.908    -0.419     1.428
            0.000     0.419     0.908    12.534
            0.000     0.000     0.000     1.000
\end{verbatim} \pagebreak[1]\begin{verbatim}
POSITION 89: INPUT: JOINT VARIABLES ( 359.711, 321.247,  63.622,)
OUTPUT:     1.000     0.005    -0.002     4.007
           -0.005     0.907    -0.421     1.427
            0.000     0.421     0.907    12.528
            0.000     0.000     0.000     1.000
\end{verbatim} \pagebreak[1]\begin{verbatim}
POSITION 90: INPUT: JOINT VARIABLES ( 359.707, 321.187,  63.755,)
OUTPUT:     1.000     0.005    -0.002     4.007
           -0.005     0.907    -0.422     1.427
            0.000     0.422     0.907    12.523
            0.000     0.000     0.000     1.000
\end{verbatim} \pagebreak[1]\begin{verbatim}
POSITION 91: INPUT: JOINT VARIABLES ( 359.704, 321.128,  63.888,)
OUTPUT:     1.000     0.005    -0.002     4.007
           -0.005     0.906    -0.423     1.426
            0.000     0.423     0.906    12.518
            0.000     0.000     0.000     1.000
\end{verbatim} \pagebreak[1]\begin{verbatim}
POSITION 92: INPUT: JOINT VARIABLES ( 359.700, 321.068,  64.020,)
OUTPUT:     1.000     0.005    -0.002     4.008
           -0.005     0.906    -0.424     1.425
            0.000     0.424     0.906    12.512
            0.000     0.000     0.000     1.000
\end{verbatim} \pagebreak[1]\begin{verbatim}
POSITION 93: INPUT: JOINT VARIABLES ( 359.697, 321.009,  64.153,)
OUTPUT:     1.000     0.005    -0.002     4.008
           -0.005     0.905    -0.425     1.424
            0.000     0.425     0.905    12.507
            0.000     0.000     0.000     1.000
\end{verbatim} \pagebreak[1]\begin{verbatim}
POSITION 94: INPUT: JOINT VARIABLES ( 359.693, 320.950,  64.285,)
OUTPUT:     1.000     0.005    -0.002     4.008
           -0.005     0.905    -0.426     1.423
            0.000     0.426     0.905    12.501
            0.000     0.000     0.000     1.000
\end{verbatim} \pagebreak[1]\begin{verbatim}
POSITION 95: INPUT: JOINT VARIABLES ( 359.690, 320.891,  64.417,)
OUTPUT:     1.000     0.005    -0.002     4.008
           -0.005     0.904    -0.427     1.422
            0.000     0.427     0.904    12.496
            0.000     0.000     0.000     1.000
\end{verbatim} \pagebreak[1]\begin{verbatim}
POSITION 96: INPUT: JOINT VARIABLES ( 359.686, 320.832,  64.548,)
OUTPUT:     1.000     0.005    -0.002     4.008
           -0.005     0.903    -0.429     1.422
            0.000     0.429     0.903    12.490
            0.000     0.000     0.000     1.000
\end{verbatim} \pagebreak[1]\begin{verbatim}
POSITION 97: INPUT: JOINT VARIABLES ( 359.683, 320.773,  64.680,)
OUTPUT:     1.000     0.005    -0.002     4.008
           -0.006     0.903    -0.430     1.421
            0.000     0.430     0.903    12.485
            0.000     0.000     0.000     1.000
\end{verbatim} \pagebreak[1]\begin{verbatim}
POSITION 98: INPUT: JOINT VARIABLES ( 359.679, 320.714,  64.811,)
OUTPUT:     1.000     0.005    -0.002     4.008
           -0.006     0.902    -0.431     1.420
            0.000     0.431     0.902    12.480
            0.000     0.000     0.000     1.000
\end{verbatim} \pagebreak[1]\begin{verbatim}
POSITION 99: INPUT: JOINT VARIABLES ( 359.676, 320.655,  64.942,)
OUTPUT:     1.000     0.005    -0.002     4.008
           -0.006     0.902    -0.432     1.419
            0.000     0.432     0.902    12.474
            0.000     0.000     0.000     1.000
\end{verbatim} \pagebreak[1]\begin{verbatim}
POSITION 100: INPUT: JOINT VARIABLES ( 359.672, 320.597,  65.073,)
OUTPUT:     1.000     0.005    -0.002     4.008
           -0.006     0.901    -0.433     1.418
            0.000     0.433     0.901    12.469
            0.000     0.000     0.000     1.000
\end{verbatim} \pagebreak[1]\begin{verbatim}
POSITION 101: INPUT: JOINT VARIABLES ( 359.669, 320.538,  65.203,)
OUTPUT:     1.000     0.005    -0.003     4.008
           -0.006     0.901    -0.434     1.417
            0.000     0.434     0.901    12.463
            0.000     0.000     0.000     1.000
\end{verbatim} \pagebreak[1]\begin{verbatim}
POSITION 102: INPUT: JOINT VARIABLES ( 359.665, 320.480,  65.333,)
OUTPUT:     1.000     0.005    -0.003     4.008
           -0.006     0.900    -0.435     1.417
            0.000     0.435     0.900    12.458
            0.000     0.000     0.000     1.000
\end{verbatim} \pagebreak[1]\begin{verbatim}
POSITION 103: INPUT: JOINT VARIABLES ( 359.662, 320.422,  65.463,)
OUTPUT:     1.000     0.005    -0.003     4.008
           -0.006     0.900    -0.437     1.416
            0.000     0.437     0.900    12.452
            0.000     0.000     0.000     1.000
\end{verbatim} \pagebreak[1]\begin{verbatim}
POSITION 104: INPUT: JOINT VARIABLES ( 359.658, 320.364,  65.593,)
OUTPUT:     1.000     0.005    -0.003     4.009
           -0.006     0.899    -0.438     1.415
            0.000     0.438     0.899    12.447
            0.000     0.000     0.000     1.000
\end{verbatim} \pagebreak[1]\begin{verbatim}
POSITION 105: INPUT: JOINT VARIABLES ( 359.655, 320.306,  65.723,)
OUTPUT:     1.000     0.005    -0.003     4.009
           -0.006     0.899    -0.439     1.414
            0.000     0.439     0.899    12.442
            0.000     0.000     0.000     1.000
\end{verbatim} \pagebreak[1]\begin{verbatim}
POSITION 106: INPUT: JOINT VARIABLES ( 359.651, 320.248,  65.852,)
OUTPUT:     1.000     0.005    -0.003     4.009
           -0.006     0.898    -0.440     1.413
            0.000     0.440     0.898    12.436
            0.000     0.000     0.000     1.000
\end{verbatim} \pagebreak[1]\begin{verbatim}
POSITION 107: INPUT: JOINT VARIABLES ( 359.648, 320.190,  65.981,)
OUTPUT:     1.000     0.006    -0.003     4.009
           -0.006     0.897    -0.441     1.412
            0.000     0.441     0.897    12.431
            0.000     0.000     0.000     1.000
\end{verbatim} \pagebreak[1]\begin{verbatim}
POSITION 108: INPUT: JOINT VARIABLES ( 359.644, 320.132,  66.110,)
OUTPUT:     1.000     0.006    -0.003     4.009
           -0.006     0.897    -0.442     1.412
            0.000     0.442     0.897    12.425
            0.000     0.000     0.000     1.000
\end{verbatim} \pagebreak[1]\begin{verbatim}
POSITION 109: INPUT: JOINT VARIABLES ( 359.641, 320.074,  66.239,)
OUTPUT:     1.000     0.006    -0.003     4.009
           -0.006     0.896    -0.443     1.411
            0.000     0.443     0.896    12.420
            0.000     0.000     0.000     1.000
\end{verbatim} \pagebreak[1]\begin{verbatim}
POSITION 110: INPUT: JOINT VARIABLES ( 359.637, 320.017,  66.367,)
OUTPUT:     1.000     0.006    -0.003     4.009
           -0.006     0.896    -0.444     1.410
            0.000     0.444     0.896    12.415
            0.000     0.000     0.000     1.000
\end{verbatim} \pagebreak[1]\begin{verbatim}
POSITION 111: INPUT: JOINT VARIABLES ( 359.634, 319.959,  66.495,)
OUTPUT:     1.000     0.006    -0.003     4.009
           -0.006     0.895    -0.445     1.409
            0.000     0.445     0.895    12.409
            0.000     0.000     0.000     1.000
\end{verbatim} \pagebreak[1]\begin{verbatim}
POSITION 112: INPUT: JOINT VARIABLES ( 359.630, 319.902,  66.623,)
OUTPUT:     1.000     0.006    -0.003     4.009
           -0.006     0.895    -0.447     1.408
            0.000     0.447     0.895    12.404
            0.000     0.000     0.000     1.000
\end{verbatim} \pagebreak[1]\begin{verbatim}
POSITION 113: INPUT: JOINT VARIABLES ( 359.627, 319.845,  66.751,)
OUTPUT:     1.000     0.006    -0.003     4.009
           -0.007     0.894    -0.448     1.407
            0.000     0.448     0.894    12.398
            0.000     0.000     0.000     1.000
\end{verbatim} \pagebreak[1]\begin{verbatim}
POSITION 114: INPUT: JOINT VARIABLES ( 359.623, 319.788,  66.879,)
OUTPUT:     1.000     0.006    -0.003     4.009
           -0.007     0.894    -0.449     1.407
            0.000     0.449     0.894    12.393
            0.000     0.000     0.000     1.000
\end{verbatim} \pagebreak[1]\begin{verbatim}
POSITION 115: INPUT: JOINT VARIABLES ( 359.619, 319.731,  67.006,)
OUTPUT:     1.000     0.006    -0.003     4.009
           -0.007     0.893    -0.450     1.406
            0.000     0.450     0.893    12.387
            0.000     0.000     0.000     1.000
\end{verbatim} \pagebreak[1]\begin{verbatim}
POSITION 116: INPUT: JOINT VARIABLES ( 359.616, 319.674,  67.133,)
OUTPUT:     1.000     0.006    -0.003     4.010
           -0.007     0.893    -0.451     1.405
            0.000     0.451     0.893    12.382
            0.000     0.000     0.000     1.000
\end{verbatim} \pagebreak[1]\begin{verbatim}
POSITION 117: INPUT: JOINT VARIABLES ( 359.612, 319.617,  67.260,)
OUTPUT:     1.000     0.006    -0.003     4.010
           -0.007     0.892    -0.452     1.404
            0.000     0.452     0.892    12.377
            0.000     0.000     0.000     1.000
\end{verbatim} \pagebreak[1]\begin{verbatim}
POSITION 118: INPUT: JOINT VARIABLES ( 359.609, 319.560,  67.387,)
OUTPUT:     1.000     0.006    -0.003     4.010
           -0.007     0.891    -0.453     1.403
            0.000     0.453     0.891    12.371
            0.000     0.000     0.000     1.000
\end{verbatim} \pagebreak[1]\begin{verbatim}
POSITION 119: INPUT: JOINT VARIABLES ( 359.605, 319.503,  67.513,)
OUTPUT:     1.000     0.006    -0.003     4.010
           -0.007     0.891    -0.454     1.402
            0.000     0.454     0.891    12.366
            0.000     0.000     0.000     1.000
\end{verbatim} \pagebreak[1]\begin{verbatim}
POSITION 120: INPUT: JOINT VARIABLES ( 359.602, 319.447,  67.640,)
OUTPUT:     1.000     0.006    -0.003     4.010
           -0.007     0.890    -0.455     1.402
            0.000     0.455     0.890    12.360
            0.000     0.000     0.000     1.000
\end{verbatim} \pagebreak[1]\begin{verbatim}
POSITION 121: INPUT: JOINT VARIABLES ( 359.598, 319.390,  67.766,)
OUTPUT:     1.000     0.006    -0.003     4.010
           -0.007     0.890    -0.456     1.401
            0.000     0.456     0.890    12.355
            0.000     0.000     0.000     1.000
\end{verbatim} \pagebreak[1]\begin{verbatim}
POSITION 122: INPUT: JOINT VARIABLES ( 359.594, 319.334,  67.892,)
OUTPUT:     1.000     0.006    -0.003     4.010
           -0.007     0.889    -0.457     1.400
            0.000     0.457     0.889    12.349
            0.000     0.000     0.000     1.000
\end{verbatim} \pagebreak[1]\begin{verbatim}
POSITION 123: INPUT: JOINT VARIABLES ( 359.591, 319.278,  68.017,)
OUTPUT:     1.000     0.006    -0.003     4.010
           -0.007     0.889    -0.459     1.399
            0.000     0.459     0.889    12.344
            0.000     0.000     0.000     1.000
\end{verbatim} \pagebreak[1]\begin{verbatim}
POSITION 124: INPUT: JOINT VARIABLES ( 359.587, 319.222,  68.143,)
OUTPUT:     1.000     0.006    -0.003     4.010
           -0.007     0.888    -0.460     1.398
            0.000     0.460     0.888    12.339
            0.000     0.000     0.000     1.000
\end{verbatim} \pagebreak[1]\begin{verbatim}
POSITION 125: INPUT: JOINT VARIABLES ( 359.584, 319.165,  68.268,)
OUTPUT:     1.000     0.006    -0.003     4.010
           -0.007     0.888    -0.461     1.397
            0.000     0.461     0.888    12.333
            0.000     0.000     0.000     1.000
\end{verbatim} \pagebreak[1]\begin{verbatim}
POSITION 126: INPUT: JOINT VARIABLES ( 359.580, 319.109,  68.393,)
OUTPUT:     1.000     0.006    -0.003     4.010
           -0.007     0.887    -0.462     1.397
            0.000     0.462     0.887    12.328
            0.000     0.000     0.000     1.000
\end{verbatim} \pagebreak[1]\begin{verbatim}
POSITION 127: INPUT: JOINT VARIABLES ( 359.577, 319.054,  68.518,)
OUTPUT:     1.000     0.007    -0.003     4.010
           -0.007     0.886    -0.463     1.396
            0.000     0.463     0.886    12.322
            0.000     0.000     0.000     1.000
\end{verbatim} \pagebreak[1]\begin{verbatim}
POSITION 128: INPUT: JOINT VARIABLES ( 359.573, 318.998,  68.643,)
OUTPUT:     1.000     0.007    -0.003     4.011
           -0.007     0.886    -0.464     1.395
            0.000     0.464     0.886    12.317
            0.000     0.000     0.000     1.000
\end{verbatim} \pagebreak[1]\begin{verbatim}
POSITION 129: INPUT: JOINT VARIABLES ( 359.569, 318.942,  68.767,)
OUTPUT:     1.000     0.007    -0.003     4.011
           -0.008     0.885    -0.465     1.394
            0.000     0.465     0.885    12.312
            0.000     0.000     0.000     1.000
\end{verbatim} \pagebreak[1]\begin{verbatim}
POSITION 130: INPUT: JOINT VARIABLES ( 359.566, 318.886,  68.891,)
OUTPUT:     1.000     0.007    -0.004     4.011
           -0.008     0.885    -0.466     1.393
            0.000     0.466     0.885    12.306
            0.000     0.000     0.000     1.000
\end{verbatim} \pagebreak[1]\begin{verbatim}
POSITION 131: INPUT: JOINT VARIABLES ( 359.562, 318.831,  69.015,)
OUTPUT:     1.000     0.007    -0.004     4.011
           -0.008     0.884    -0.467     1.392
            0.000     0.467     0.884    12.301
            0.000     0.000     0.000     1.000
\end{verbatim} \pagebreak[1]\begin{verbatim}
POSITION 132: INPUT: JOINT VARIABLES ( 359.558, 318.775,  69.139,)
OUTPUT:     1.000     0.007    -0.004     4.011
           -0.008     0.884    -0.468     1.392
