\newpage
World transforms of the robot at positions calculated for coordinate interpolated motion.
\begin{verbatim}
POSITION 1: INPUT: JOINT VARIABLES (  81.469, 197.254,)
OUTPUT:     0.152     0.988     0.000     6.000
           -0.988     0.152     0.000     0.010
            0.000     0.000     1.000     0.000
            0.000     0.000     0.000     1.000
\end{verbatim} \pagebreak[1]\begin{verbatim}
POSITION 2: INPUT: JOINT VARIABLES (  81.672, 196.852,)
OUTPUT:     0.148     0.989     0.000     5.861
           -0.989     0.148     0.000     0.010
            0.000     0.000     1.000     0.000
            0.000     0.000     0.000     1.000
\end{verbatim} \pagebreak[1]\begin{verbatim}
POSITION 3: INPUT: JOINT VARIABLES (  82.282, 195.646,)
OUTPUT:     0.138     0.990     0.000     5.444
           -0.990     0.138     0.000     0.010
            0.000     0.000     1.000     0.000
            0.000     0.000     0.000     1.000
\end{verbatim} \pagebreak[1]\begin{verbatim}
POSITION 4: INPUT: JOINT VARIABLES (  83.097, 194.041,)
OUTPUT:     0.124     0.992     0.000     4.889
           -0.992     0.124     0.000     0.010
            0.000     0.000     1.000     0.000
            0.000     0.000     0.000     1.000
\end{verbatim} \pagebreak[1]\begin{verbatim}
POSITION 5: INPUT: JOINT VARIABLES (  83.913, 192.439,)
OUTPUT:     0.111     0.994     0.000     4.333
           -0.994     0.111     0.000     0.010
            0.000     0.000     1.000     0.000
            0.000     0.000     0.000     1.000
\end{verbatim} \pagebreak[1]\begin{verbatim}
POSITION 6: INPUT: JOINT VARIABLES (  84.732, 190.839,)
OUTPUT:     0.097     0.995     0.000     3.778
           -0.995     0.097     0.000     0.010
            0.000     0.000     1.000     0.000
            0.000     0.000     0.000     1.000
\end{verbatim} \pagebreak[1]\begin{verbatim}
POSITION 7: INPUT: JOINT VARIABLES (  85.557, 189.241,)
OUTPUT:     0.084     0.996     0.000     3.222
           -0.996     0.084     0.000     0.010
            0.000     0.000     1.000     0.000
            0.000     0.000     0.000     1.000
\end{verbatim} \pagebreak[1]\begin{verbatim}
POSITION 8: INPUT: JOINT VARIABLES (  86.392, 187.645,)
OUTPUT:     0.070     0.998     0.000     2.667
           -0.998     0.070     0.000     0.010
            0.000     0.000     1.000     0.000
            0.000     0.000     0.000     1.000
\end{verbatim} \pagebreak[1]\begin{verbatim}
POSITION 9: INPUT: JOINT VARIABLES (  87.246, 186.051,)
OUTPUT:     0.058     0.998     0.000     2.111
           -0.998     0.058     0.000     0.010
            0.000     0.000     1.000     0.000
            0.000     0.000     0.000     1.000
\end{verbatim} \pagebreak[1]\begin{verbatim}
POSITION 10: INPUT: JOINT VARIABLES (  88.140, 184.458,)
OUTPUT:     0.045     0.999     0.000     1.556
           -0.999     0.045     0.000     0.010
            0.000     0.000     1.000     0.000
            0.000     0.000     0.000     1.000
\end{verbatim} \pagebreak[1]\begin{verbatim}
POSITION 11: INPUT: JOINT VARIABLES (  89.140, 182.865,)
OUTPUT:     0.035     0.999     0.000     1.000
           -0.999     0.035     0.000     0.010
            0.000     0.000     1.000     0.000
            0.000     0.000     0.000     1.000
\end{verbatim} \pagebreak[1]\begin{verbatim}
POSITION 12: INPUT: JOINT VARIABLES (  90.652, 181.274,)
OUTPUT:     0.034     0.999     0.000     0.444
           -0.999     0.034     0.000     0.010
            0.000     0.000     1.000     0.000
            0.000     0.000     0.000     1.000
\end{verbatim} \pagebreak[1]\begin{verbatim}
POSITION 13: INPUT: JOINT VARIABLES ( 264.697, 180.320,)
OUTPUT:     0.087    -0.996     0.000    -0.111
            0.996     0.087     0.000     0.010
            0.000     0.000     1.000     0.000
            0.000     0.000     0.000     1.000
\end{verbatim} \pagebreak[1]\begin{verbatim}
POSITION 14: INPUT: JOINT VARIABLES ( 268.186, 181.910,)
OUTPUT:    -0.002    -1.000     0.000    -0.667
            1.000    -0.002     0.000     0.010
            0.000     0.000     1.000     0.000
            0.000     0.000     0.000     1.000
\end{verbatim} \pagebreak[1]\begin{verbatim}
POSITION 15: INPUT: JOINT VARIABLES ( 267.780, 183.502,)
OUTPUT:    -0.022    -1.000     0.000    -1.222
            1.000    -0.022     0.000     0.010
            0.000     0.000     1.000     0.000
            0.000     0.000     0.000     1.000
\end{verbatim} \pagebreak[1]\begin{verbatim}
POSITION 16: INPUT: JOINT VARIABLES ( 267.130, 185.095,)
OUTPUT:    -0.039    -0.999     0.000    -1.778
            0.999    -0.039     0.000     0.010
            0.000     0.000     1.000     0.000
            0.000     0.000     0.000     1.000
\end{verbatim} \pagebreak[1]\begin{verbatim}
POSITION 17: INPUT: JOINT VARIABLES ( 266.410, 186.688,)
OUTPUT:    -0.054    -0.999     0.000    -2.333
            0.999    -0.054     0.000     0.010
            0.000     0.000     1.000     0.000
            0.000     0.000     0.000     1.000
\end{verbatim} \pagebreak[1]\begin{verbatim}
POSITION 18: INPUT: JOINT VARIABLES ( 265.660, 188.283,)
OUTPUT:    -0.069    -0.998     0.000    -2.889
            0.998    -0.069     0.000     0.010
            0.000     0.000     1.000     0.000
            0.000     0.000     0.000     1.000
\end{verbatim} \pagebreak[1]\begin{verbatim}
POSITION 19: INPUT: JOINT VARIABLES ( 264.894, 189.880,)
OUTPUT:    -0.083    -0.997     0.000    -3.444
            0.997    -0.083     0.000     0.010
            0.000     0.000     1.000     0.000
            0.000     0.000     0.000     1.000
\end{verbatim} \pagebreak[1]\begin{verbatim}
POSITION 20: INPUT: JOINT VARIABLES ( 264.312, 191.079,)
OUTPUT:    -0.094    -0.996     0.000    -3.861
            0.996    -0.094     0.000     0.010
            0.000     0.000     1.000     0.000
            0.000     0.000     0.000     1.000
\end{verbatim} \pagebreak[1]\begin{verbatim}
POSITION 21: INPUT: JOINT VARIABLES ( 264.118, 191.478,)
OUTPUT:    -0.098    -0.995     0.000    -4.000
            0.995    -0.098     0.000     0.010
            0.000     0.000     1.000     0.000
            0.000     0.000     0.000     1.000
\end{verbatim} \pagebreak[1]